D_0:
0.066344
0.0
0.22236299999999998
0.0
0.0
0.0
0.0
7e-06
1e-06
0.0
0.1439395
3e-06
0.0
0.0
2e-06
2e-06
0.4649475
2.3e-05
4.666666666666667e-06
5e-07
0.051715
0.45126375
6e-06
0.45938
0.00317175
4e-06
4e-06
9.6e-06
0.36644679999999996
0.37163899999999994
0.37506019999999995
4.8e-06
0.3684692
0.3684692
6.333333333333333e-06
0.46035824999999997
0.0005756666666666667
0.012408666666666667
1.4333333333333329e-05
0.51264025
0.51264025
0.019693000000000002
0.00177975
2.25e-06
0.008998250000000001
0.0003605
1.225e-05
1.225e-05
1.05e-05
5e-07
2.75e-06
7.75e-06
6e-06
5.75e-06
5.75e-06
0.0
2.333333333333333e-06
0.0
0.0
2.333333333333333e-06
2e-06
2e-06
0.46223099999999995
0.4085726
2.5e-07
9.999999999999999e-06
0.37882859999999996
9.98e-05
0.022154200000000002
0.37301979999999996
0.0121584
1.1999999999999999e-05
2e-06
5.666666666666667e-06
0.0008889999999999999
0.38334566666666664
0.002336666666666667
1.6666666666666669e-06
0.46549524999999997
0.45653075
3.5249999999999996e-05
4.5e-06
1.6666666666666669e-06
1.275e-05
9.75e-06
6.5000000000000004e-06
5e-07
2e-06
3.6666666666666666e-06
2.6666666666666664e-06
3e-06
1e-06
0.4649475
2.3e-05
4.666666666666667e-06
5e-07
0.051715
0.45126375
6e-06
0.45938
0.00317175
4e-06
4e-06
4.1e-05
3.2500000000000004e-05
0.59083
0.0002056666666666667
0.029415999999999998
0.2950505
5e-06
2e-06
3e-06
4.666666666666667e-06
0.5028405
0.45276449999999996
8e-06
3.2500000000000002e-06
7.200000000000001e-06
5e-06
6.333333333333333e-06
2.333333333333333e-06
5.333333333333333e-06
0.19737999999999997
0.4649475
2.3e-05
4.666666666666667e-06
5e-07
0.051715
0.45126375
6e-06
0.45938
0.00317175
4e-06
4e-06
4.1e-05
3.2500000000000004e-05
0.59083
0.0002056666666666667
0.029415999999999998
0.2950505
5e-06
2e-06
3e-06
4.666666666666667e-06
0.5028405
0.45276449999999996
8e-06
3.2500000000000002e-06
7.200000000000001e-06
5e-06
6.333333333333333e-06
2.333333333333333e-06
5.333333333333333e-06
0.19737999999999997
0.4649475
2.3e-05
4.666666666666667e-06
5e-07
0.051715
0.45126375
6e-06
0.45938
0.00317175
4e-06
4e-06
9.6e-06
0.36644679999999996
0.37163899999999994
0.37506019999999995
4.8e-06
0.3684692
0.3684692
6.333333333333333e-06
0.46035824999999997
0.0005756666666666667
0.012408666666666667
1.4333333333333329e-05
0.51264025
0.51264025
0.019693000000000002
0.00177975
2.25e-06
0.008998250000000001
0.0003605
1.225e-05
1.225e-05
1.05e-05
5e-07
2.75e-06
7.75e-06
6e-06
5.75e-06
5.75e-06
0.0
2.333333333333333e-06
0.0
0.0
2.333333333333333e-06
2e-06
2e-06
0.4649475
2.3e-05
4.666666666666667e-06
5e-07
0.051715
0.45126375
6e-06
0.45938
0.00317175
4e-06
4e-06
9.6e-06
0.36644679999999996
0.37163899999999994
0.37506019999999995
4.8e-06
0.3684692
0.3684692
6.333333333333333e-06
0.46035824999999997
0.0005756666666666667
0.012408666666666667
1.4333333333333329e-05
0.51264025
0.51264025
0.019693000000000002
0.00177975
2.25e-06
0.008998250000000001
0.0003605
1.225e-05
1.225e-05
1.05e-05
5e-07
2.75e-06
7.75e-06
6e-06
5.75e-06
5.75e-06
0.0
2.333333333333333e-06
0.0
0.0
2.333333333333333e-06
2e-06
2e-06
0.4649475
2.3e-05
4.666666666666667e-06
5e-07
0.051715
0.45126375
6e-06
0.45938
0.00317175
4e-06
4e-06
4.1e-05
3.2500000000000004e-05
0.59083
0.0002056666666666667
0.029415999999999998
0.2950505
5e-06
2e-06
3e-06
4.666666666666667e-06
0.5028405
0.45276449999999996
8e-06
3.2500000000000002e-06
7.200000000000001e-06
5e-06
6.333333333333333e-06
2.333333333333333e-06
5.333333333333333e-06
0.19737999999999997
0.4649475
2.3e-05
4.666666666666667e-06
5e-07
0.051715
0.45126375
6e-06
0.45938
0.00317175
4e-06
4e-06
9.6e-06
0.36644679999999996
0.37163899999999994
0.37506019999999995
4.8e-06
0.3684692
0.3684692
6.333333333333333e-06
0.46035824999999997
0.0005756666666666667
0.012408666666666667
1.4333333333333329e-05
0.51264025
0.51264025
0.019693000000000002
0.00177975
2.25e-06
0.008998250000000001
0.0003605
1.225e-05
1.225e-05
1.05e-05
5e-07
2.75e-06
7.75e-06
6e-06
5.75e-06
5.75e-06
0.0
2.333333333333333e-06
0.0
0.0
2.333333333333333e-06
2e-06
2e-06
0.4649475
2.3e-05
4.666666666666667e-06
5e-07
0.051715
0.45126375
6e-06
0.45938
0.00317175
4e-06
4e-06
4.1e-05
3.2500000000000004e-05
0.59083
0.0002056666666666667
0.029415999999999998
0.2950505
5e-06
2e-06
3e-06
4.666666666666667e-06
0.5028405
0.45276449999999996
8e-06
3.2500000000000002e-06
7.200000000000001e-06
5e-06
6.333333333333333e-06
2.333333333333333e-06
5.333333333333333e-06
0.19737999999999997
0.46223099999999995
0.4085726
2.5e-07
9.999999999999999e-06
0.37882859999999996
9.98e-05
0.022154200000000002
0.37301979999999996
0.0121584
1.1999999999999999e-05
2e-06
5.666666666666667e-06
0.0008889999999999999
0.38334566666666664
0.002336666666666667
1.6666666666666669e-06
0.46549524999999997
0.45653075
3.5249999999999996e-05
4.5e-06
1.6666666666666669e-06
1.275e-05
9.75e-06
6.5000000000000004e-06
5e-07
2e-06
3.6666666666666666e-06
2.6666666666666664e-06
3e-06
1e-06
0.4649475
2.3e-05
4.666666666666667e-06
5e-07
0.051715
0.45126375
6e-06
0.45938
0.00317175
4e-06
4e-06
9.6e-06
0.36644679999999996
0.37163899999999994
0.37506019999999995
4.8e-06
0.3684692
0.3684692
6.333333333333333e-06
0.46035824999999997
0.0005756666666666667
0.012408666666666667
1.4333333333333329e-05
0.51264025
0.51264025
0.019693000000000002
0.00177975
2.25e-06
0.008998250000000001
0.0003605
1.225e-05
1.225e-05
1.05e-05
5e-07
2.75e-06
7.75e-06
6e-06
5.75e-06
5.75e-06
0.0
2.333333333333333e-06
0.0
0.0
2.333333333333333e-06
2e-06
2e-06
0.46223099999999995
0.4085726
2.5e-07
9.999999999999999e-06
0.37882859999999996
9.98e-05
0.022154200000000002
0.37301979999999996
0.0121584
1.1999999999999999e-05
2e-06
5.666666666666667e-06
0.0008889999999999999
0.38334566666666664
0.002336666666666667
1.6666666666666669e-06
0.46549524999999997
0.45653075
3.5249999999999996e-05
4.5e-06
1.6666666666666669e-06
1.275e-05
9.75e-06
6.5000000000000004e-06
5e-07
2e-06
3.6666666666666666e-06
2.6666666666666664e-06
3e-06
1e-06
0.46223099999999995
0.4085726
2.5e-07
9.999999999999999e-06
0.37882859999999996
9.98e-05
0.022154200000000002
0.37301979999999996
0.0121584
1.1999999999999999e-05
2e-06
5.666666666666667e-06
0.0008889999999999999
0.38334566666666664
0.002336666666666667
1.6666666666666669e-06
0.46549524999999997
0.45653075
3.5249999999999996e-05
4.5e-06
1.6666666666666669e-06
1.275e-05
9.75e-06
6.5000000000000004e-06
5e-07
2e-06
3.6666666666666666e-06
2.6666666666666664e-06
3e-06
1e-06
0.46223099999999995
0.4085726
2.5e-07
9.999999999999999e-06
0.37882859999999996
9.98e-05
0.022154200000000002
0.37301979999999996
0.0121584
1.1999999999999999e-05
2e-06
5.666666666666667e-06
0.0008889999999999999
0.38334566666666664
0.002336666666666667
1.6666666666666669e-06
0.46549524999999997
0.45653075
3.5249999999999996e-05
4.5e-06
1.6666666666666669e-06
1.275e-05
9.75e-06
6.5000000000000004e-06
5e-07
2e-06
3.6666666666666666e-06
2.6666666666666664e-06
3e-06
1e-06
0.4649475
2.3e-05
4.666666666666667e-06
5e-07
0.051715
0.45126375
6e-06
0.45938
0.00317175
4e-06
4e-06
9.6e-06
0.36644679999999996
0.37163899999999994
0.37506019999999995
4.8e-06
0.3684692
0.3684692
6.333333333333333e-06
0.46035824999999997
0.0005756666666666667
0.012408666666666667
1.4333333333333329e-05
0.51264025
0.51264025
0.019693000000000002
0.00177975
2.25e-06
0.008998250000000001
0.0003605
1.225e-05
1.225e-05
1.05e-05
5e-07
2.75e-06
7.75e-06
6e-06
5.75e-06
5.75e-06
0.0
2.333333333333333e-06
0.0
0.0
2.333333333333333e-06
2e-06
2e-06
0.4649475
2.3e-05
4.666666666666667e-06
5e-07
0.051715
0.45126375
6e-06
0.45938
0.00317175
4e-06
4e-06
9.6e-06
0.36644679999999996
0.37163899999999994
0.37506019999999995
4.8e-06
0.3684692
0.3684692
6.333333333333333e-06
0.46035824999999997
0.0005756666666666667
0.012408666666666667
1.4333333333333329e-05
0.51264025
0.51264025
0.019693000000000002
0.00177975
2.25e-06
0.008998250000000001
0.0003605
1.225e-05
1.225e-05
1.05e-05
5e-07
2.75e-06
7.75e-06
6e-06
5.75e-06
5.75e-06
0.0
2.333333333333333e-06
0.0
0.0
2.333333333333333e-06
2e-06
2e-06
0.46223099999999995
0.4085726
2.5e-07
9.999999999999999e-06
0.37882859999999996
0.4649475
2.3e-05
4.666666666666667e-06
5e-07
0.051715
0.45126375
6e-06
0.45938
0.00317175
4e-06
4e-06
9.6e-06
0.36644679999999996
0.37163899999999994
0.37506019999999995
4.8e-06
0.3684692
0.3684692
9.6e-06
0.36644679999999996
0.37163899999999994
0.37506019999999995
4.8e-06
0.3684692
0.3684692
6.333333333333333e-06
0.46035824999999997
0.0005756666666666667
0.012408666666666667
1.4333333333333329e-05
0.51264025
0.51264025
0.019693000000000002
0.00177975
2.25e-06
0.008998250000000001
0.0003605
1.225e-05
1.225e-05
1.05e-05
5e-07
2.75e-06
7.75e-06
6e-06
5.75e-06
5.75e-06
0.0
2.333333333333333e-06
0.0
0.0
2.333333333333333e-06
2e-06
2e-06
0.0
2.333333333333333e-06
0.0
0.0
2.333333333333333e-06
2e-06
2e-06
9.98e-05
0.022154200000000002
0.37301979999999996
0.0121584
1.1999999999999999e-05
9.98e-05
0.022154200000000002
0.37301979999999996
0.0121584
1.1999999999999999e-05
2e-06
5.666666666666667e-06
0.0008889999999999999
0.38334566666666664
0.002336666666666667
1.6666666666666669e-06
0.46549524999999997
0.45653075
3.5249999999999996e-05
4.5e-06
1.6666666666666669e-06
1.275e-05
9.75e-06
6.5000000000000004e-06
5e-07
2e-06
3.6666666666666666e-06
2.6666666666666664e-06
3e-06
1e-06
2e-06
3.6666666666666666e-06
2.6666666666666664e-06
3e-06
1e-06
4.1e-05
3.2500000000000004e-05
0.59083
0.0002056666666666667
0.029415999999999998
0.2950505
5e-06
2e-06
0.029415999999999998
0.2950505
5e-06
2e-06
3e-06
4.666666666666667e-06
0.5028405
0.45276449999999996
3e-06
4.666666666666667e-06
0.5028405
0.45276449999999996
8e-06
3.2500000000000002e-06
7.200000000000001e-06
5e-06
6.333333333333333e-06
2.333333333333333e-06
5.333333333333333e-06
0.19737999999999997
6.333333333333333e-06
2.333333333333333e-06
5.333333333333333e-06
0.19737999999999997
1.6666666666666669e-06
1.275e-05
9.75e-06
6.5000000000000004e-06
5e-07
0.019693000000000002
0.00177975
2.25e-06
0.008998250000000001
0.0003605
1.225e-05
1.225e-05
1.05e-05
5e-07
2.75e-06
7.75e-06
6e-06
5.75e-06
5.75e-06
9.6e-06
0.36644679999999996
0.37163899999999994
0.37506019999999995
4.8e-06
0.3684692
0.3684692
6.333333333333333e-06
0.46035824999999997
0.0005756666666666667
0.012408666666666667
1.4333333333333329e-05
0.51264025
0.51264025
0.019693000000000002
0.00177975
2.25e-06
0.008998250000000001
0.0003605
1.225e-05
1.225e-05
1.05e-05
5e-07
2.75e-06
7.75e-06
6e-06
5.75e-06
5.75e-06
0.0
2.333333333333333e-06
0.0
0.0
2.333333333333333e-06
2e-06
2e-06
0.0
2.333333333333333e-06
0.0
0.0
2.333333333333333e-06
2e-06
2e-06
9.98e-05
0.022154200000000002
0.37301979999999996
0.0121584
1.1999999999999999e-05
2e-06
5.666666666666667e-06
0.0008889999999999999
0.38334566666666664
0.002336666666666667
2e-06
5.666666666666667e-06
0.0008889999999999999
0.38334566666666664
0.002336666666666667
2e-06
5.666666666666667e-06
0.0008889999999999999
0.38334566666666664
0.002336666666666667
1.6666666666666669e-06
0.46549524999999997
0.45653075
3.5249999999999996e-05
4.5e-06
1.6666666666666669e-06
0.46549524999999997
0.45653075
3.5249999999999996e-05
4.5e-06
1.6666666666666669e-06
1.275e-05
9.75e-06
6.5000000000000004e-06
5e-07
1.6666666666666669e-06
1.275e-05
9.75e-06
6.5000000000000004e-06
5e-07
2e-06
3.6666666666666666e-06
2.6666666666666664e-06
3e-06
1e-06
4.1e-05
3.2500000000000004e-05
0.59083
0.0002056666666666667
4.1e-05
3.2500000000000004e-05
0.59083
0.0002056666666666667
0.029415999999999998
0.2950505
5e-06
2e-06
0.029415999999999998
0.2950505
5e-06
2e-06
3e-06
4.666666666666667e-06
0.5028405
0.45276449999999996
3e-06
4.666666666666667e-06
0.5028405
0.45276449999999996
8e-06
3.2500000000000002e-06
7.200000000000001e-06
5e-06
8e-06
3.2500000000000002e-06
7.200000000000001e-06
5e-06
6.333333333333333e-06
2.333333333333333e-06
5.333333333333333e-06
0.19737999999999997
D_1:
0.9524594237288135
0.972456203389831
0.9878830612244897
0.9721192500000002
0.9327767966101694
D_2:
1.163417054054054
1.8498162
1.5787002727272728
1.1791021578947367
0.8659910526315789
1.6894155000000002
1.1492043421052631
1.749770727272727
1.2099067837837838
1.1291708684210526
1.1291708684210526
1.1203834285714283
1.117255631578947
1.1607020277777782
1.129773184210526
1.0466001948051948
1.1005092499999998
1.1005092499999998
0.9934827523809519
1.0139116442307687
1.008552265957447
1.0111922884615383
1.0113499423076926
0.9043627666666667
0.8951920666666666
0.8155935333333332
0.8808330999999999
0.9043627666666667
0.8951920666666666
0.8155935333333332
0.8808330999999999
1.2706397777777776
1.198471888888889
1.0132334444444444
1.0297192222222222
1.2706397777777776
1.198471888888889
1.0132334444444444
1.0297192222222222
0.6933545789473685
0.7508902222222222
1.0526535
0.830445888888889
0.7571613888888886
0.7134915617977527
0.7279300941176472
0.7661343604651162
0.7696953023255813
0.7178534588235295
0.7340846941176472
0.7340846941176472
0.7549799411764706
0.7167461176470589
0.7752197058823528
0.831395875
0.7354889411764707
0.8291710588235294
0.8291710588235294
1.1203834285714283
1.117255631578947
1.1607020277777782
1.129773184210526
1.0466001948051948
1.1005092499999998
1.1005092499999998
0.7134915617977527
0.7279300941176472
0.7661343604651162
0.7696953023255813
0.7178534588235295
0.7340846941176472
0.7340846941176472
0.7549799411764706
0.7167461176470589
0.7752197058823528
0.831395875
0.7354889411764707
0.8291710588235294
0.8291710588235294
0.8154442682926832
0.8291422073170734
0.7726672222222222
0.7939327530864198
0.8154442682926832
0.8291422073170734
0.7726672222222222
0.7939327530864198
0.8154442682926832
0.8291422073170734
0.7726672222222222
0.7939327530864198
0.9934827523809519
1.0139116442307687
1.008552265957447
1.0111922884615383
1.0113499423076926
0.9934827523809519
1.0139116442307687
1.008552265957447
1.0111922884615383
1.0113499423076926
0.6933545789473685
0.7508902222222222
1.0526535
0.830445888888889
0.7571613888888886
0.9043627666666667
0.8951920666666666
0.8155935333333332
0.8808330999999999
1.2706397777777776
1.198471888888889
1.0132334444444444
1.0297192222222222
0.7134915617977527
0.7279300941176472
0.7661343604651162
0.7696953023255813
0.7178534588235295
0.7340846941176472
0.7340846941176472
D_3:
0.6356970983606557
0.6609425573770495
0.6701060983606558
0.6737278360655736
0.680167032786885
0.6416618360655738
0.6416618360655738
0.6356970983606557
0.6609425573770495
0.6701060983606558
0.6737278360655736
0.680167032786885
0.6416618360655738
0.6416618360655738
0.6356970983606557
0.6609425573770495
0.6701060983606558
0.6737278360655736
0.680167032786885
0.6416618360655738
0.6416618360655738
0.6317117540983603
0.6574937540983605
0.6259476875000001
0.6290242049180326
0.6471417622950818
0.6317117540983603
0.6574937540983605
0.6259476875000001
0.6290242049180326
0.6471417622950818
0.6420419018404908
0.6390094259259258
0.6346756686046512
0.6324844662576686
0.6301598588957057
0.678550425101214
0.6868911983805668
0.6541090853658538
0.6621380772357723
0.678550425101214
0.6868911983805668
0.6541090853658538
0.6621380772357723
D_0:
0.22236299999999998
0.0
0.0
0.0
0.0
0.0
0.0
0.066344
7e-06
3e-06
2e-06
0.0
0.0
1e-06
0.1439395
0.1439395
2.3e-05
0.45126375
4.666666666666667e-06
0.051715
0.4649475
6e-06
4e-06
5e-07
0.45938
0.00317175
0.00317175
4.1e-05
0.59083
3.2500000000000004e-05
0.0002056666666666667
0.029415999999999998
5e-06
0.2950505
2e-06
3e-06
0.5028405
4.666666666666667e-06
0.45276449999999996
8e-06
7.200000000000001e-06
3.2500000000000002e-06
5e-06
6.333333333333333e-06
5.333333333333333e-06
2.333333333333333e-06
0.19737999999999997
2.3e-05
0.45126375
4.666666666666667e-06
0.051715
0.4649475
6e-06
4e-06
5e-07
0.45938
0.00317175
0.00317175
4.1e-05
0.59083
3.2500000000000004e-05
0.0002056666666666667
0.029415999999999998
5e-06
0.2950505
2e-06
3e-06
0.5028405
4.666666666666667e-06
0.45276449999999996
8e-06
7.200000000000001e-06
3.2500000000000002e-06
5e-06
6.333333333333333e-06
5.333333333333333e-06
2.333333333333333e-06
0.19737999999999997
2.3e-05
0.45126375
4.666666666666667e-06
0.051715
0.4649475
6e-06
4e-06
5e-07
0.45938
0.00317175
0.00317175
4.1e-05
0.59083
3.2500000000000004e-05
0.0002056666666666667
0.029415999999999998
5e-06
0.2950505
2e-06
3e-06
0.5028405
4.666666666666667e-06
0.45276449999999996
8e-06
7.200000000000001e-06
3.2500000000000002e-06
5e-06
6.333333333333333e-06
5.333333333333333e-06
2.333333333333333e-06
0.19737999999999997
2.3e-05
0.45126375
4.666666666666667e-06
0.051715
0.4649475
6e-06
4e-06
5e-07
0.45938
0.00317175
0.00317175
0.37163899999999994
9.6e-06
0.37506019999999995
0.3684692
0.36644679999999996
4.8e-06
4.8e-06
0.0005756666666666667
6.333333333333333e-06
0.012408666666666667
0.51264025
0.46035824999999997
1.4333333333333329e-05
1.4333333333333329e-05
2.25e-06
0.019693000000000002
0.008998250000000001
1.225e-05
0.00177975
0.0003605
0.0003605
2.75e-06
1.05e-05
7.75e-06
5.75e-06
5e-07
6e-06
6e-06
0.0
0.0
0.0
2e-06
2.333333333333333e-06
2.333333333333333e-06
2.333333333333333e-06
0.46223099999999995
0.4085726
9.999999999999999e-06
2.5e-07
0.37882859999999996
9.98e-05
0.022154200000000002
0.0121584
0.37301979999999996
1.1999999999999999e-05
2e-06
5.666666666666667e-06
0.38334566666666664
0.0008889999999999999
0.002336666666666667
1.6666666666666669e-06
0.46549524999999997
3.5249999999999996e-05
0.45653075
4.5e-06
1.6666666666666669e-06
1.275e-05
6.5000000000000004e-06
9.75e-06
5e-07
2e-06
3.6666666666666666e-06
3e-06
2.6666666666666664e-06
1e-06
0.46223099999999995
0.4085726
9.999999999999999e-06
2.5e-07
0.37882859999999996
9.98e-05
0.022154200000000002
0.0121584
0.37301979999999996
1.1999999999999999e-05
2e-06
5.666666666666667e-06
0.38334566666666664
0.0008889999999999999
0.002336666666666667
1.6666666666666669e-06
0.46549524999999997
3.5249999999999996e-05
0.45653075
4.5e-06
1.6666666666666669e-06
1.275e-05
6.5000000000000004e-06
9.75e-06
5e-07
2e-06
3.6666666666666666e-06
3e-06
2.6666666666666664e-06
1e-06
0.46223099999999995
0.4085726
9.999999999999999e-06
2.5e-07
0.37882859999999996
9.98e-05
0.022154200000000002
0.0121584
0.37301979999999996
1.1999999999999999e-05
2e-06
5.666666666666667e-06
0.38334566666666664
0.0008889999999999999
0.002336666666666667
1.6666666666666669e-06
0.46549524999999997
3.5249999999999996e-05
0.45653075
4.5e-06
1.6666666666666669e-06
1.275e-05
6.5000000000000004e-06
9.75e-06
5e-07
2e-06
3.6666666666666666e-06
3e-06
2.6666666666666664e-06
1e-06
2.3e-05
0.45126375
4.666666666666667e-06
0.051715
0.4649475
6e-06
4e-06
5e-07
0.45938
0.00317175
0.00317175
0.37163899999999994
9.6e-06
0.37506019999999995
0.3684692
0.36644679999999996
4.8e-06
4.8e-06
0.0005756666666666667
6.333333333333333e-06
0.012408666666666667
0.51264025
0.46035824999999997
1.4333333333333329e-05
1.4333333333333329e-05
2.25e-06
0.019693000000000002
0.008998250000000001
1.225e-05
0.00177975
0.0003605
0.0003605
2.75e-06
1.05e-05
7.75e-06
5.75e-06
5e-07
6e-06
6e-06
0.0
0.0
0.0
2e-06
2.333333333333333e-06
2.333333333333333e-06
2.333333333333333e-06
2.3e-05
0.45126375
4.666666666666667e-06
0.051715
0.4649475
6e-06
4e-06
5e-07
0.45938
0.00317175
0.00317175
0.37163899999999994
9.6e-06
0.37506019999999995
0.3684692
0.36644679999999996
4.8e-06
4.8e-06
0.0005756666666666667
6.333333333333333e-06
0.012408666666666667
0.51264025
0.46035824999999997
1.4333333333333329e-05
1.4333333333333329e-05
2.25e-06
0.019693000000000002
0.008998250000000001
1.225e-05
0.00177975
0.0003605
0.0003605
2.75e-06
1.05e-05
7.75e-06
5.75e-06
5e-07
6e-06
6e-06
0.0
0.0
0.0
2e-06
2.333333333333333e-06
2.333333333333333e-06
2.333333333333333e-06
0.46223099999999995
0.4085726
9.999999999999999e-06
2.5e-07
0.37882859999999996
9.98e-05
0.022154200000000002
0.0121584
0.37301979999999996
1.1999999999999999e-05
2e-06
5.666666666666667e-06
0.38334566666666664
0.0008889999999999999
0.002336666666666667
1.6666666666666669e-06
0.46549524999999997
3.5249999999999996e-05
0.45653075
4.5e-06
1.6666666666666669e-06
1.275e-05
6.5000000000000004e-06
9.75e-06
5e-07
2e-06
3.6666666666666666e-06
3e-06
2.6666666666666664e-06
1e-06
2.3e-05
0.45126375
4.666666666666667e-06
0.051715
0.4649475
6e-06
4e-06
5e-07
0.45938
0.00317175
0.00317175
0.37163899999999994
9.6e-06
0.37506019999999995
0.3684692
0.36644679999999996
4.8e-06
4.8e-06
0.0005756666666666667
6.333333333333333e-06
0.012408666666666667
0.51264025
0.46035824999999997
1.4333333333333329e-05
1.4333333333333329e-05
2.25e-06
0.019693000000000002
0.008998250000000001
1.225e-05
0.00177975
0.0003605
0.0003605
2.75e-06
1.05e-05
7.75e-06
5.75e-06
5e-07
6e-06
6e-06
0.0
0.0
0.0
2e-06
2.333333333333333e-06
2.333333333333333e-06
2.333333333333333e-06
2.3e-05
0.45126375
4.666666666666667e-06
0.051715
0.4649475
6e-06
4e-06
5e-07
0.45938
0.00317175
0.00317175
0.37163899999999994
9.6e-06
0.37506019999999995
0.3684692
0.36644679999999996
4.8e-06
4.8e-06
0.0005756666666666667
6.333333333333333e-06
0.012408666666666667
0.51264025
0.46035824999999997
1.4333333333333329e-05
1.4333333333333329e-05
2.25e-06
0.019693000000000002
0.008998250000000001
1.225e-05
0.00177975
0.0003605
0.0003605
2.75e-06
1.05e-05
7.75e-06
5.75e-06
5e-07
6e-06
6e-06
0.0
0.0
0.0
2e-06
2.333333333333333e-06
2.333333333333333e-06
2.333333333333333e-06
0.46223099999999995
0.4085726
9.999999999999999e-06
2.5e-07
0.37882859999999996
9.98e-05
0.022154200000000002
0.0121584
0.37301979999999996
1.1999999999999999e-05
2e-06
5.666666666666667e-06
0.38334566666666664
0.0008889999999999999
0.002336666666666667
1.6666666666666669e-06
0.46549524999999997
3.5249999999999996e-05
0.45653075
4.5e-06
1.6666666666666669e-06
1.275e-05
6.5000000000000004e-06
9.75e-06
5e-07
2e-06
3.6666666666666666e-06
3e-06
2.6666666666666664e-06
1e-06
2.3e-05
0.45126375
4.666666666666667e-06
0.051715
0.4649475
6e-06
4e-06
5e-07
0.45938
0.00317175
0.00317175
4.1e-05
0.59083
3.2500000000000004e-05
0.0002056666666666667
0.029415999999999998
5e-06
0.2950505
2e-06
3e-06
0.5028405
4.666666666666667e-06
0.45276449999999996
8e-06
7.200000000000001e-06
3.2500000000000002e-06
5e-06
6.333333333333333e-06
5.333333333333333e-06
2.333333333333333e-06
0.19737999999999997
2.3e-05
0.45126375
4.666666666666667e-06
0.051715
0.4649475
6e-06
4e-06
5e-07
0.45938
0.00317175
0.00317175
0.37163899999999994
9.6e-06
0.37506019999999995
0.3684692
0.36644679999999996
4.8e-06
4.8e-06
0.0005756666666666667
6.333333333333333e-06
0.012408666666666667
0.51264025
0.46035824999999997
1.4333333333333329e-05
1.4333333333333329e-05
2.25e-06
0.019693000000000002
0.008998250000000001
1.225e-05
0.00177975
0.0003605
0.0003605
2.75e-06
1.05e-05
7.75e-06
5.75e-06
5e-07
6e-06
6e-06
0.0
0.0
0.0
2e-06
2.333333333333333e-06
2.333333333333333e-06
2.333333333333333e-06
2.3e-05
0.45126375
4.666666666666667e-06
0.051715
0.4649475
6e-06
4e-06
5e-07
0.45938
0.00317175
0.00317175
0.37163899999999994
9.6e-06
0.37506019999999995
0.3684692
0.36644679999999996
4.8e-06
4.8e-06
0.0005756666666666667
6.333333333333333e-06
0.012408666666666667
0.51264025
0.46035824999999997
1.4333333333333329e-05
1.4333333333333329e-05
2.25e-06
0.019693000000000002
0.008998250000000001
1.225e-05
0.00177975
0.0003605
0.0003605
2.75e-06
1.05e-05
7.75e-06
5.75e-06
5e-07
6e-06
6e-06
0.0
0.0
0.0
2e-06
2.333333333333333e-06
2.333333333333333e-06
2.333333333333333e-06
0.46223099999999995
0.4085726
9.999999999999999e-06
2.5e-07
0.37882859999999996
2.3e-05
0.45126375
4.666666666666667e-06
0.051715
0.4649475
6e-06
4e-06
5e-07
0.45938
0.00317175
0.00317175
4.1e-05
0.59083
3.2500000000000004e-05
0.0002056666666666667
0.029415999999999998
5e-06
0.2950505
2e-06
0.029415999999999998
5e-06
0.2950505
2e-06
3e-06
0.5028405
4.666666666666667e-06
0.45276449999999996
3e-06
0.5028405
4.666666666666667e-06
0.45276449999999996
8e-06
7.200000000000001e-06
3.2500000000000002e-06
5e-06
6.333333333333333e-06
5.333333333333333e-06
2.333333333333333e-06
0.19737999999999997
6.333333333333333e-06
5.333333333333333e-06
2.333333333333333e-06
0.19737999999999997
0.37163899999999994
9.6e-06
0.37506019999999995
0.3684692
0.36644679999999996
4.8e-06
4.8e-06
0.37163899999999994
9.6e-06
0.37506019999999995
0.3684692
0.36644679999999996
4.8e-06
4.8e-06
0.0005756666666666667
6.333333333333333e-06
0.012408666666666667
0.51264025
0.46035824999999997
1.4333333333333329e-05
1.4333333333333329e-05
2.25e-06
0.019693000000000002
0.008998250000000001
1.225e-05
0.00177975
0.0003605
0.0003605
2.75e-06
1.05e-05
7.75e-06
5.75e-06
5e-07
6e-06
6e-06
0.0
0.0
0.0
2e-06
2.333333333333333e-06
2.333333333333333e-06
2.333333333333333e-06
0.0
0.0
0.0
2e-06
2.333333333333333e-06
2.333333333333333e-06
2.333333333333333e-06
9.98e-05
0.022154200000000002
0.0121584
0.37301979999999996
1.1999999999999999e-05
9.98e-05
0.022154200000000002
0.0121584
0.37301979999999996
1.1999999999999999e-05
2e-06
5.666666666666667e-06
0.38334566666666664
0.0008889999999999999
0.002336666666666667
1.6666666666666669e-06
0.46549524999999997
3.5249999999999996e-05
0.45653075
4.5e-06
1.6666666666666669e-06
1.275e-05
6.5000000000000004e-06
9.75e-06
5e-07
1.6666666666666669e-06
1.275e-05
6.5000000000000004e-06
9.75e-06
5e-07
2e-06
3.6666666666666666e-06
3e-06
2.6666666666666664e-06
1e-06
2e-06
3.6666666666666666e-06
3e-06
2.6666666666666664e-06
1e-06
2.25e-06
0.019693000000000002
0.008998250000000001
1.225e-05
0.00177975
0.0003605
0.0003605
2.75e-06
1.05e-05
7.75e-06
5.75e-06
5e-07
6e-06
6e-06
4.1e-05
0.59083
3.2500000000000004e-05
0.0002056666666666667
4.1e-05
0.59083
3.2500000000000004e-05
0.0002056666666666667
0.029415999999999998
5e-06
0.2950505
2e-06
0.029415999999999998
5e-06
0.2950505
2e-06
0.029415999999999998
5e-06
0.2950505
2e-06
3e-06
0.5028405
4.666666666666667e-06
0.45276449999999996
3e-06
0.5028405
4.666666666666667e-06
0.45276449999999996
3e-06
0.5028405
4.666666666666667e-06
0.45276449999999996
8e-06
7.200000000000001e-06
3.2500000000000002e-06
5e-06
6.333333333333333e-06
5.333333333333333e-06
2.333333333333333e-06
0.19737999999999997
6.333333333333333e-06
5.333333333333333e-06
2.333333333333333e-06
0.19737999999999997
6.333333333333333e-06
5.333333333333333e-06
2.333333333333333e-06
0.19737999999999997
0.37163899999999994
9.6e-06
0.37506019999999995
0.3684692
0.36644679999999996
4.8e-06
4.8e-06
0.37163899999999994
9.6e-06
0.37506019999999995
0.3684692
0.36644679999999996
4.8e-06
4.8e-06
0.0005756666666666667
6.333333333333333e-06
0.012408666666666667
0.51264025
0.46035824999999997
1.4333333333333329e-05
1.4333333333333329e-05
0.029415999999999998
5e-06
0.2950505
2e-06
3e-06
0.5028405
4.666666666666667e-06
0.45276449999999996
8e-06
7.200000000000001e-06
3.2500000000000002e-06
5e-06
8e-06
7.200000000000001e-06
3.2500000000000002e-06
5e-06
8e-06
7.200000000000001e-06
3.2500000000000002e-06
5e-06
6.333333333333333e-06
5.333333333333333e-06
2.333333333333333e-06
0.19737999999999997
2.25e-06
0.019693000000000002
0.008998250000000001
1.225e-05
0.00177975
0.0003605
0.0003605
2.75e-06
1.05e-05
7.75e-06
5.75e-06
5e-07
6e-06
6e-06
0.0
0.0
0.0
2e-06
2.333333333333333e-06
2.333333333333333e-06
2.333333333333333e-06
0.0
0.0
0.0
2e-06
2.333333333333333e-06
2.333333333333333e-06
2.333333333333333e-06
9.98e-05
0.022154200000000002
0.0121584
0.37301979999999996
1.1999999999999999e-05
2e-06
5.666666666666667e-06
0.38334566666666664
0.0008889999999999999
0.002336666666666667
2e-06
5.666666666666667e-06
0.38334566666666664
0.0008889999999999999
0.002336666666666667
2e-06
5.666666666666667e-06
0.38334566666666664
0.0008889999999999999
0.002336666666666667
2e-06
5.666666666666667e-06
0.38334566666666664
0.0008889999999999999
0.002336666666666667
1.6666666666666669e-06
0.46549524999999997
3.5249999999999996e-05
0.45653075
4.5e-06
1.6666666666666669e-06
0.46549524999999997
3.5249999999999996e-05
0.45653075
4.5e-06
1.6666666666666669e-06
1.275e-05
6.5000000000000004e-06
9.75e-06
5e-07
1.6666666666666669e-06
1.275e-05
6.5000000000000004e-06
9.75e-06
5e-07
2e-06
3.6666666666666666e-06
3e-06
2.6666666666666664e-06
1e-06
D_1:
0.9524594237288135
0.972456203389831
0.9721192500000002
0.9878830612244897
0.9327767966101694
D_2:
1.8498162
1.6894155000000002
1.5787002727272728
0.8659910526315789
1.163417054054054
1.1492043421052631
1.1291708684210526
1.1791021578947367
1.749770727272727
1.2099067837837838
1.2099067837837838
0.9043627666666667
0.8155935333333332
0.8951920666666666
0.8808330999999999
0.9043627666666667
0.8155935333333332
0.8951920666666666
0.8808330999999999
1.2706397777777776
1.0132334444444444
1.198471888888889
1.0297192222222222
1.2706397777777776
1.0132334444444444
1.198471888888889
1.0297192222222222
1.1607020277777782
1.1203834285714283
1.129773184210526
1.1005092499999998
1.117255631578947
1.0466001948051948
1.0466001948051948
0.9934827523809519
1.0139116442307687
1.0111922884615383
1.008552265957447
1.0113499423076926
0.6933545789473685
0.7508902222222222
0.830445888888889
1.0526535
0.7571613888888886
0.6933545789473685
0.7508902222222222
0.830445888888889
1.0526535
0.7571613888888886
0.7661343604651162
0.7134915617977527
0.7696953023255813
0.7340846941176472
0.7279300941176472
0.7178534588235295
0.7178534588235295
0.7752197058823528
0.7549799411764706
0.831395875
0.8291710588235294
0.7167461176470589
0.7354889411764707
0.7354889411764707
0.8154442682926832
0.7726672222222222
0.8291422073170734
0.7939327530864198
0.8154442682926832
0.7726672222222222
0.8291422073170734
0.7939327530864198
1.1607020277777782
1.1203834285714283
1.129773184210526
1.1005092499999998
1.117255631578947
1.0466001948051948
1.0466001948051948
0.9043627666666667
0.8155935333333332
0.8951920666666666
0.8808330999999999
1.2706397777777776
1.0132334444444444
1.198471888888889
1.0297192222222222
1.2706397777777776
1.0132334444444444
1.198471888888889
1.0297192222222222
1.2706397777777776
1.0132334444444444
1.198471888888889
1.0297192222222222
0.8154442682926832
0.7726672222222222
0.8291422073170734
0.7939327530864198
0.8154442682926832
0.7726672222222222
0.8291422073170734
0.7939327530864198
0.9043627666666667
0.8155935333333332
0.8951920666666666
0.8808330999999999
0.9043627666666667
0.8155935333333332
0.8951920666666666
0.8808330999999999
1.2706397777777776
1.0132334444444444
1.198471888888889
1.0297192222222222
1.2706397777777776
1.0132334444444444
1.198471888888889
1.0297192222222222
0.7661343604651162
0.7134915617977527
0.7696953023255813
0.7340846941176472
0.7279300941176472
0.7178534588235295
0.7178534588235295
0.7661343604651162
0.7134915617977527
0.7696953023255813
0.7340846941176472
0.7279300941176472
0.7178534588235295
0.7178534588235295
0.7661343604651162
0.7134915617977527
0.7696953023255813
0.7340846941176472
0.7279300941176472
0.7178534588235295
0.7178534588235295
0.7752197058823528
0.7549799411764706
0.831395875
0.8291710588235294
0.7167461176470589
0.7354889411764707
0.7354889411764707
0.7752197058823528
0.7549799411764706
0.831395875
0.8291710588235294
0.7167461176470589
0.7354889411764707
0.7354889411764707
0.9934827523809519
1.0139116442307687
1.0111922884615383
1.008552265957447
1.0113499423076926
0.9934827523809519
1.0139116442307687
1.0111922884615383
1.008552265957447
1.0113499423076926
0.6933545789473685
0.7508902222222222
0.830445888888889
1.0526535
0.7571613888888886
D_3:
0.6701060983606558
0.6356970983606557
0.6737278360655736
0.6416618360655738
0.6609425573770495
0.680167032786885
0.680167032786885
0.6701060983606558
0.6356970983606557
0.6737278360655736
0.6416618360655738
0.6609425573770495
0.680167032786885
0.680167032786885
0.6701060983606558
0.6356970983606557
0.6737278360655736
0.6416618360655738
0.6609425573770495
0.680167032786885
0.680167032786885
0.678550425101214
0.6541090853658538
0.6868911983805668
0.6621380772357723
0.678550425101214
0.6541090853658538
0.6868911983805668
0.6621380772357723
0.678550425101214
0.6541090853658538
0.6868911983805668
0.6621380772357723
0.6317117540983603
0.6574937540983605
0.6290242049180326
0.6259476875000001
0.6471417622950818
0.6317117540983603
0.6574937540983605
0.6290242049180326
0.6259476875000001
0.6471417622950818
0.6420419018404908
0.6390094259259258
0.6324844662576686
0.6346756686046512
0.6301598588957057
D_0:
0.0
2e-06
7e-06
0.0
0.0
3e-06
0.0
0.0
1e-06
0.0
0.1439395
0.0
0.0
0.066344
0.0
0.0
0.22236299999999998
0.22236299999999998
1.1999999999999999e-05
9.98e-05
0.0121584
0.37301979999999996
0.022154200000000002
0.022154200000000002
0.002336666666666667
2e-06
0.38334566666666664
0.0008889999999999999
5.666666666666667e-06
5.666666666666667e-06
4.5e-06
1.6666666666666669e-06
3.5249999999999996e-05
0.45653075
0.46549524999999997
0.46549524999999997
5e-07
1.6666666666666669e-06
6.5000000000000004e-06
9.75e-06
1.275e-05
1.275e-05
1e-06
2e-06
3e-06
2.6666666666666664e-06
3.6666666666666666e-06
3.6666666666666666e-06
4e-06
6e-06
0.051715
0.051715
0.45938
4.666666666666667e-06
0.00317175
5e-07
0.45126375
0.4649475
2.3e-05
2.3e-05
0.3684692
0.37506019999999995
0.37163899999999994
0.37163899999999994
4.8e-06
0.36644679999999996
9.6e-06
0.51264025
0.012408666666666667
0.0005756666666666667
0.0005756666666666667
1.4333333333333329e-05
0.46035824999999997
6.333333333333333e-06
1.225e-05
0.008998250000000001
2.25e-06
2.25e-06
0.0003605
0.00177975
0.019693000000000002
5.75e-06
7.75e-06
2.75e-06
2.75e-06
6e-06
5e-07
1.05e-05
2e-06
0.0
0.0
0.0
2.333333333333333e-06
2.333333333333333e-06
0.0
4e-06
6e-06
0.051715
0.051715
0.45938
4.666666666666667e-06
0.00317175
5e-07
0.45126375
0.4649475
2.3e-05
2.3e-05
0.3684692
0.37506019999999995
0.37163899999999994
0.37163899999999994
4.8e-06
0.36644679999999996
9.6e-06
0.51264025
0.012408666666666667
0.0005756666666666667
0.0005756666666666667
1.4333333333333329e-05
0.46035824999999997
6.333333333333333e-06
1.225e-05
0.008998250000000001
2.25e-06
2.25e-06
0.0003605
0.00177975
0.019693000000000002
5.75e-06
7.75e-06
2.75e-06
2.75e-06
6e-06
5e-07
1.05e-05
2e-06
0.0
0.0
0.0
2.333333333333333e-06
2.333333333333333e-06
0.0
0.37882859999999996
0.46223099999999995
9.999999999999999e-06
2.5e-07
0.4085726
0.4085726
1.1999999999999999e-05
9.98e-05
0.0121584
0.37301979999999996
0.022154200000000002
0.022154200000000002
0.002336666666666667
2e-06
0.38334566666666664
0.0008889999999999999
5.666666666666667e-06
5.666666666666667e-06
4.5e-06
1.6666666666666669e-06
3.5249999999999996e-05
0.45653075
0.46549524999999997
0.46549524999999997
5e-07
1.6666666666666669e-06
6.5000000000000004e-06
9.75e-06
1.275e-05
1.275e-05
1e-06
2e-06
3e-06
2.6666666666666664e-06
3.6666666666666666e-06
3.6666666666666666e-06
0.37882859999999996
0.46223099999999995
9.999999999999999e-06
2.5e-07
0.4085726
0.4085726
1.1999999999999999e-05
9.98e-05
0.0121584
0.37301979999999996
0.022154200000000002
0.022154200000000002
0.002336666666666667
2e-06
0.38334566666666664
0.0008889999999999999
5.666666666666667e-06
5.666666666666667e-06
4.5e-06
1.6666666666666669e-06
3.5249999999999996e-05
0.45653075
0.46549524999999997
0.46549524999999997
5e-07
1.6666666666666669e-06
6.5000000000000004e-06
9.75e-06
1.275e-05
1.275e-05
1e-06
2e-06
3e-06
2.6666666666666664e-06
3.6666666666666666e-06
3.6666666666666666e-06
0.37882859999999996
0.46223099999999995
9.999999999999999e-06
2.5e-07
0.4085726
0.4085726
1.1999999999999999e-05
9.98e-05
0.0121584
0.37301979999999996
0.022154200000000002
0.022154200000000002
0.002336666666666667
2e-06
0.38334566666666664
0.0008889999999999999
5.666666666666667e-06
5.666666666666667e-06
4.5e-06
1.6666666666666669e-06
3.5249999999999996e-05
0.45653075
0.46549524999999997
0.46549524999999997
5e-07
1.6666666666666669e-06
6.5000000000000004e-06
9.75e-06
1.275e-05
1.275e-05
1e-06
2e-06
3e-06
2.6666666666666664e-06
3.6666666666666666e-06
3.6666666666666666e-06
4e-06
6e-06
0.051715
0.051715
0.45938
4.666666666666667e-06
0.00317175
5e-07
0.45126375
0.4649475
2.3e-05
2.3e-05
0.3684692
0.37506019999999995
0.37163899999999994
0.37163899999999994
4.8e-06
0.36644679999999996
9.6e-06
0.51264025
0.012408666666666667
0.0005756666666666667
0.0005756666666666667
1.4333333333333329e-05
0.46035824999999997
6.333333333333333e-06
1.225e-05
0.008998250000000001
2.25e-06
2.25e-06
0.0003605
0.00177975
0.019693000000000002
5.75e-06
7.75e-06
2.75e-06
2.75e-06
6e-06
5e-07
1.05e-05
2e-06
0.0
0.0
0.0
2.333333333333333e-06
2.333333333333333e-06
0.0
4e-06
6e-06
0.051715
0.051715
0.45938
4.666666666666667e-06
0.00317175
5e-07
0.45126375
0.4649475
2.3e-05
2.3e-05
0.3684692
0.37506019999999995
0.37163899999999994
0.37163899999999994
4.8e-06
0.36644679999999996
9.6e-06
0.51264025
0.012408666666666667
0.0005756666666666667
0.0005756666666666667
1.4333333333333329e-05
0.46035824999999997
6.333333333333333e-06
1.225e-05
0.008998250000000001
2.25e-06
2.25e-06
0.0003605
0.00177975
0.019693000000000002
5.75e-06
7.75e-06
2.75e-06
2.75e-06
6e-06
5e-07
1.05e-05
2e-06
0.0
0.0
0.0
2.333333333333333e-06
2.333333333333333e-06
0.0
4e-06
6e-06
0.051715
0.051715
0.45938
4.666666666666667e-06
0.00317175
5e-07
0.45126375
0.4649475
2.3e-05
2.3e-05
0.0002056666666666667
3.2500000000000004e-05
0.59083
4.1e-05
4.1e-05
2e-06
0.2950505
5e-06
0.029415999999999998
0.029415999999999998
0.45276449999999996
4.666666666666667e-06
0.5028405
3e-06
3e-06
5e-06
3.2500000000000002e-06
7.200000000000001e-06
8e-06
8e-06
0.19737999999999997
2.333333333333333e-06
5.333333333333333e-06
6.333333333333333e-06
6.333333333333333e-06
4e-06
6e-06
0.051715
0.051715
0.45938
4.666666666666667e-06
0.00317175
5e-07
0.45126375
0.4649475
2.3e-05
2.3e-05
0.0002056666666666667
3.2500000000000004e-05
0.59083
4.1e-05
4.1e-05
2e-06
0.2950505
5e-06
0.029415999999999998
0.029415999999999998
0.45276449999999996
4.666666666666667e-06
0.5028405
3e-06
3e-06
5e-06
3.2500000000000002e-06
7.200000000000001e-06
8e-06
8e-06
0.19737999999999997
2.333333333333333e-06
5.333333333333333e-06
6.333333333333333e-06
6.333333333333333e-06
4e-06
6e-06
0.051715
0.051715
0.45938
4.666666666666667e-06
0.00317175
5e-07
0.45126375
0.4649475
2.3e-05
2.3e-05
0.3684692
0.37506019999999995
0.37163899999999994
0.37163899999999994
4.8e-06
0.36644679999999996
9.6e-06
0.51264025
0.012408666666666667
0.0005756666666666667
0.0005756666666666667
1.4333333333333329e-05
0.46035824999999997
6.333333333333333e-06
1.225e-05
0.008998250000000001
2.25e-06
2.25e-06
0.0003605
0.00177975
0.019693000000000002
5.75e-06
7.75e-06
2.75e-06
2.75e-06
6e-06
5e-07
1.05e-05
2e-06
0.0
0.0
0.0
2.333333333333333e-06
2.333333333333333e-06
0.0
4e-06
6e-06
0.051715
0.051715
0.45938
4.666666666666667e-06
0.00317175
5e-07
0.45126375
0.4649475
2.3e-05
2.3e-05
0.3684692
0.37506019999999995
0.37163899999999994
0.37163899999999994
4.8e-06
0.36644679999999996
9.6e-06
0.51264025
0.012408666666666667
0.0005756666666666667
0.0005756666666666667
1.4333333333333329e-05
0.46035824999999997
6.333333333333333e-06
1.225e-05
0.008998250000000001
2.25e-06
2.25e-06
0.0003605
0.00177975
0.019693000000000002
5.75e-06
7.75e-06
2.75e-06
2.75e-06
6e-06
5e-07
1.05e-05
2e-06
0.0
0.0
0.0
2.333333333333333e-06
2.333333333333333e-06
0.0
4e-06
6e-06
0.051715
0.051715
0.45938
4.666666666666667e-06
0.00317175
5e-07
0.45126375
0.4649475
2.3e-05
2.3e-05
0.0002056666666666667
3.2500000000000004e-05
0.59083
4.1e-05
4.1e-05
2e-06
0.2950505
5e-06
0.029415999999999998
0.029415999999999998
0.45276449999999996
4.666666666666667e-06
0.5028405
3e-06
3e-06
5e-06
3.2500000000000002e-06
7.200000000000001e-06
8e-06
8e-06
0.19737999999999997
2.333333333333333e-06
5.333333333333333e-06
6.333333333333333e-06
6.333333333333333e-06
4e-06
6e-06
0.051715
0.051715
0.45938
4.666666666666667e-06
0.00317175
5e-07
0.45126375
0.4649475
2.3e-05
2.3e-05
0.3684692
0.37506019999999995
0.37163899999999994
0.37163899999999994
4.8e-06
0.36644679999999996
9.6e-06
0.51264025
0.012408666666666667
0.0005756666666666667
0.0005756666666666667
1.4333333333333329e-05
0.46035824999999997
6.333333333333333e-06
1.225e-05
0.008998250000000001
2.25e-06
2.25e-06
0.0003605
0.00177975
0.019693000000000002
5.75e-06
7.75e-06
2.75e-06
2.75e-06
6e-06
5e-07
1.05e-05
2e-06
0.0
0.0
0.0
2.333333333333333e-06
2.333333333333333e-06
0.0
0.37882859999999996
0.46223099999999995
9.999999999999999e-06
2.5e-07
0.4085726
0.4085726
1.1999999999999999e-05
9.98e-05
0.0121584
0.37301979999999996
0.022154200000000002
0.022154200000000002
0.002336666666666667
2e-06
0.38334566666666664
0.0008889999999999999
5.666666666666667e-06
5.666666666666667e-06
4.5e-06
1.6666666666666669e-06
3.5249999999999996e-05
0.45653075
0.46549524999999997
0.46549524999999997
5e-07
1.6666666666666669e-06
6.5000000000000004e-06
9.75e-06
1.275e-05
1.275e-05
1e-06
2e-06
3e-06
2.6666666666666664e-06
3.6666666666666666e-06
3.6666666666666666e-06
0.37882859999999996
0.46223099999999995
9.999999999999999e-06
2.5e-07
0.4085726
0.4085726
1.1999999999999999e-05
9.98e-05
0.0121584
0.37301979999999996
0.022154200000000002
0.022154200000000002
0.002336666666666667
2e-06
0.38334566666666664
0.0008889999999999999
5.666666666666667e-06
5.666666666666667e-06
4.5e-06
1.6666666666666669e-06
3.5249999999999996e-05
0.45653075
0.46549524999999997
0.46549524999999997
5e-07
1.6666666666666669e-06
6.5000000000000004e-06
9.75e-06
1.275e-05
1.275e-05
1e-06
2e-06
3e-06
2.6666666666666664e-06
3.6666666666666666e-06
3.6666666666666666e-06
4e-06
6e-06
0.051715
0.051715
0.45938
4.666666666666667e-06
0.00317175
5e-07
0.45126375
0.4649475
2.3e-05
2.3e-05
0.0002056666666666667
3.2500000000000004e-05
0.59083
4.1e-05
4.1e-05
2e-06
0.2950505
5e-06
0.029415999999999998
0.029415999999999998
0.45276449999999996
4.666666666666667e-06
0.5028405
3e-06
3e-06
5e-06
3.2500000000000002e-06
7.200000000000001e-06
8e-06
8e-06
0.19737999999999997
2.333333333333333e-06
5.333333333333333e-06
6.333333333333333e-06
6.333333333333333e-06
4e-06
6e-06
0.051715
0.051715
0.45938
4.666666666666667e-06
0.00317175
5e-07
0.45126375
0.4649475
2.3e-05
2.3e-05
0.0002056666666666667
3.2500000000000004e-05
0.59083
4.1e-05
4.1e-05
2e-06
0.2950505
5e-06
0.029415999999999998
0.029415999999999998
0.45276449999999996
4.666666666666667e-06
0.5028405
3e-06
3e-06
5e-06
3.2500000000000002e-06
7.200000000000001e-06
8e-06
8e-06
0.19737999999999997
2.333333333333333e-06
5.333333333333333e-06
6.333333333333333e-06
6.333333333333333e-06
0.37882859999999996
0.46223099999999995
9.999999999999999e-06
2.5e-07
0.4085726
0.4085726
4e-06
6e-06
0.051715
0.051715
0.45938
4.666666666666667e-06
0.00317175
5e-07
0.45126375
0.4649475
2.3e-05
2.3e-05
1.1999999999999999e-05
9.98e-05
0.0121584
0.37301979999999996
0.022154200000000002
0.022154200000000002
1.1999999999999999e-05
9.98e-05
0.0121584
0.37301979999999996
0.022154200000000002
0.022154200000000002
0.002336666666666667
2e-06
0.38334566666666664
0.0008889999999999999
5.666666666666667e-06
5.666666666666667e-06
4.5e-06
1.6666666666666669e-06
3.5249999999999996e-05
0.45653075
0.46549524999999997
0.46549524999999997
5e-07
1.6666666666666669e-06
6.5000000000000004e-06
9.75e-06
1.275e-05
1.275e-05
1e-06
2e-06
3e-06
2.6666666666666664e-06
3.6666666666666666e-06
3.6666666666666666e-06
1e-06
2e-06
3e-06
2.6666666666666664e-06
3.6666666666666666e-06
3.6666666666666666e-06
0.3684692
0.37506019999999995
0.37163899999999994
0.37163899999999994
4.8e-06
0.36644679999999996
9.6e-06
0.3684692
0.37506019999999995
0.37163899999999994
0.37163899999999994
4.8e-06
0.36644679999999996
9.6e-06
0.51264025
0.012408666666666667
0.0005756666666666667
0.0005756666666666667
1.4333333333333329e-05
0.46035824999999997
6.333333333333333e-06
1.225e-05
0.008998250000000001
2.25e-06
2.25e-06
0.0003605
0.00177975
0.019693000000000002
5.75e-06
7.75e-06
2.75e-06
2.75e-06
6e-06
5e-07
1.05e-05
2e-06
0.0
0.0
0.0
2.333333333333333e-06
2.333333333333333e-06
0.0
2e-06
0.0
0.0
0.0
2.333333333333333e-06
2.333333333333333e-06
0.0
0.0002056666666666667
3.2500000000000004e-05
0.59083
4.1e-05
4.1e-05
2e-06
0.2950505
5e-06
0.029415999999999998
0.029415999999999998
2e-06
0.2950505
5e-06
0.029415999999999998
0.029415999999999998
0.45276449999999996
4.666666666666667e-06
0.5028405
3e-06
3e-06
0.45276449999999996
4.666666666666667e-06
0.5028405
3e-06
3e-06
5e-06
3.2500000000000002e-06
7.200000000000001e-06
8e-06
8e-06
0.19737999999999997
2.333333333333333e-06
5.333333333333333e-06
6.333333333333333e-06
6.333333333333333e-06
0.19737999999999997
2.333333333333333e-06
5.333333333333333e-06
6.333333333333333e-06
6.333333333333333e-06
0.0002056666666666667
3.2500000000000004e-05
0.59083
4.1e-05
4.1e-05
2e-06
0.2950505
5e-06
0.029415999999999998
0.029415999999999998
0.45276449999999996
4.666666666666667e-06
0.5028405
3e-06
3e-06
5e-06
3.2500000000000002e-06
7.200000000000001e-06
8e-06
8e-06
0.19737999999999997
2.333333333333333e-06
5.333333333333333e-06
6.333333333333333e-06
6.333333333333333e-06
1.1999999999999999e-05
9.98e-05
0.0121584
0.37301979999999996
0.022154200000000002
0.022154200000000002
1.1999999999999999e-05
9.98e-05
0.0121584
0.37301979999999996
0.022154200000000002
0.022154200000000002
1.1999999999999999e-05
9.98e-05
0.0121584
0.37301979999999996
0.022154200000000002
0.022154200000000002
1.1999999999999999e-05
9.98e-05
0.0121584
0.37301979999999996
0.022154200000000002
0.022154200000000002
0.002336666666666667
2e-06
0.38334566666666664
0.0008889999999999999
5.666666666666667e-06
5.666666666666667e-06
4.5e-06
1.6666666666666669e-06
3.5249999999999996e-05
0.45653075
0.46549524999999997
0.46549524999999997
5e-07
1.6666666666666669e-06
6.5000000000000004e-06
9.75e-06
1.275e-05
1.275e-05
5e-07
1.6666666666666669e-06
6.5000000000000004e-06
9.75e-06
1.275e-05
1.275e-05
1e-06
2e-06
3e-06
2.6666666666666664e-06
3.6666666666666666e-06
3.6666666666666666e-06
1e-06
2e-06
3e-06
2.6666666666666664e-06
3.6666666666666666e-06
3.6666666666666666e-06
1e-06
2e-06
3e-06
2.6666666666666664e-06
3.6666666666666666e-06
3.6666666666666666e-06
1e-06
2e-06
3e-06
2.6666666666666664e-06
3.6666666666666666e-06
3.6666666666666666e-06
1e-06
2e-06
3e-06
2.6666666666666664e-06
3.6666666666666666e-06
3.6666666666666666e-06
1e-06
2e-06
3e-06
2.6666666666666664e-06
3.6666666666666666e-06
3.6666666666666666e-06
1e-06
2e-06
3e-06
2.6666666666666664e-06
3.6666666666666666e-06
3.6666666666666666e-06
1e-06
2e-06
3e-06
2.6666666666666664e-06
3.6666666666666666e-06
3.6666666666666666e-06
0.3684692
0.37506019999999995
0.37163899999999994
0.37163899999999994
4.8e-06
0.36644679999999996
9.6e-06
0.3684692
0.37506019999999995
0.37163899999999994
0.37163899999999994
4.8e-06
0.36644679999999996
9.6e-06
1.1999999999999999e-05
9.98e-05
0.0121584
0.37301979999999996
0.022154200000000002
0.022154200000000002
0.002336666666666667
2e-06
0.38334566666666664
0.0008889999999999999
5.666666666666667e-06
5.666666666666667e-06
0.002336666666666667
2e-06
0.38334566666666664
0.0008889999999999999
5.666666666666667e-06
5.666666666666667e-06
0.002336666666666667
2e-06
0.38334566666666664
0.0008889999999999999
5.666666666666667e-06
5.666666666666667e-06
4.5e-06
1.6666666666666669e-06
3.5249999999999996e-05
0.45653075
0.46549524999999997
0.46549524999999997
4.5e-06
1.6666666666666669e-06
3.5249999999999996e-05
0.45653075
0.46549524999999997
0.46549524999999997
5e-07
1.6666666666666669e-06
6.5000000000000004e-06
9.75e-06
1.275e-05
1.275e-05
5e-07
1.6666666666666669e-06
6.5000000000000004e-06
9.75e-06
1.275e-05
1.275e-05
1e-06
2e-06
3e-06
2.6666666666666664e-06
3.6666666666666666e-06
3.6666666666666666e-06
0.51264025
0.012408666666666667
0.0005756666666666667
0.0005756666666666667
1.4333333333333329e-05
0.46035824999999997
6.333333333333333e-06
0.51264025
0.012408666666666667
0.0005756666666666667
0.0005756666666666667
1.4333333333333329e-05
0.46035824999999997
6.333333333333333e-06
1.225e-05
0.008998250000000001
2.25e-06
2.25e-06
0.0003605
0.00177975
0.019693000000000002
1.225e-05
0.008998250000000001
2.25e-06
2.25e-06
0.0003605
0.00177975
0.019693000000000002
5.75e-06
7.75e-06
2.75e-06
2.75e-06
6e-06
5e-07
1.05e-05
5.75e-06
7.75e-06
2.75e-06
2.75e-06
6e-06
5e-07
1.05e-05
2e-06
0.0
0.0
0.0
2.333333333333333e-06
2.333333333333333e-06
0.0
D_1:
0.9327767966101694
0.9524594237288135
0.9721192500000002
0.9878830612244897
0.972456203389831
0.972456203389831
D_2:
1.1291708684210526
1.1492043421052631
0.8659910526315789
0.8659910526315789
1.749770727272727
1.5787002727272728
1.2099067837837838
1.1791021578947367
1.6894155000000002
1.163417054054054
1.8498162
1.8498162
1.0113499423076926
0.9934827523809519
1.0111922884615383
1.008552265957447
1.0139116442307687
1.0139116442307687
1.1005092499999998
1.129773184210526
1.1607020277777782
1.1607020277777782
1.0466001948051948
1.117255631578947
1.1203834285714283
0.8808330999999999
0.8951920666666666
0.8155935333333332
0.9043627666666667
0.9043627666666667
0.8808330999999999
0.8951920666666666
0.8155935333333332
0.9043627666666667
0.9043627666666667
1.0297192222222222
1.198471888888889
1.0132334444444444
1.2706397777777776
1.2706397777777776
1.0297192222222222
1.198471888888889
1.0132334444444444
1.2706397777777776
1.2706397777777776
0.8808330999999999
0.8951920666666666
0.8155935333333332
0.9043627666666667
0.9043627666666667
1.0297192222222222
1.198471888888889
1.0132334444444444
1.2706397777777776
1.2706397777777776
1.1005092499999998
1.129773184210526
1.1607020277777782
1.1607020277777782
1.0466001948051948
1.117255631578947
1.1203834285714283
1.0113499423076926
0.9934827523809519
1.0111922884615383
1.008552265957447
1.0139116442307687
1.0139116442307687
1.0113499423076926
0.9934827523809519
1.0111922884615383
1.008552265957447
1.0139116442307687
1.0139116442307687
1.0113499423076926
0.9934827523809519
1.0111922884615383
1.008552265957447
1.0139116442307687
1.0139116442307687
1.0297192222222222
1.198471888888889
1.0132334444444444
1.2706397777777776
1.2706397777777776
D_3:
0.7939327530864198
0.8291422073170734
0.7726672222222222
0.8154442682926832
0.8154442682926832
0.7571613888888886
0.6933545789473685
0.830445888888889
1.0526535
0.7508902222222222
0.7508902222222222
0.7571613888888886
0.6933545789473685
0.830445888888889
1.0526535
0.7508902222222222
0.7508902222222222
0.7571613888888886
0.6933545789473685
0.830445888888889
1.0526535
0.7508902222222222
0.7508902222222222
0.7571613888888886
0.6933545789473685
0.830445888888889
1.0526535
0.7508902222222222
0.7508902222222222
0.7571613888888886
0.6933545789473685
0.830445888888889
1.0526535
0.7508902222222222
0.7508902222222222
0.7571613888888886
0.6933545789473685
0.830445888888889
1.0526535
0.7508902222222222
0.7508902222222222
0.7571613888888886
0.6933545789473685
0.830445888888889
1.0526535
0.7508902222222222
0.7508902222222222
0.7571613888888886
0.6933545789473685
0.830445888888889
1.0526535
0.7508902222222222
0.7508902222222222
0.7939327530864198
0.8291422073170734
0.7726672222222222
0.8154442682926832
0.8154442682926832
0.7939327530864198
0.8291422073170734
0.7726672222222222
0.8154442682926832
0.8154442682926832
0.7571613888888886
0.6933545789473685
0.830445888888889
1.0526535
0.7508902222222222
0.7508902222222222
0.7340846941176472
0.7696953023255813
0.7661343604651162
0.7661343604651162
0.7178534588235295
0.7279300941176472
0.7134915617977527
0.7340846941176472
0.7696953023255813
0.7661343604651162
0.7661343604651162
0.7178534588235295
0.7279300941176472
0.7134915617977527
0.8291710588235294
0.831395875
0.7752197058823528
0.7752197058823528
0.7354889411764707
0.7167461176470589
0.7549799411764706
0.8291710588235294
0.831395875
0.7752197058823528
0.7752197058823528
0.7354889411764707
0.7167461176470589
0.7549799411764706
D_4:
0.6621380772357723
0.6868911983805668
0.6541090853658538
0.678550425101214
0.678550425101214
0.6416618360655738
0.6737278360655736
0.6701060983606558
0.6701060983606558
0.680167032786885
0.6609425573770495
0.6356970983606557
0.6416618360655738
0.6737278360655736
0.6701060983606558
0.6701060983606558
0.680167032786885
0.6609425573770495
0.6356970983606557
0.6416618360655738
0.6737278360655736
0.6701060983606558
0.6701060983606558
0.680167032786885
0.6609425573770495
0.6356970983606557
0.6416618360655738
0.6737278360655736
0.6701060983606558
0.6701060983606558
0.680167032786885
0.6609425573770495
0.6356970983606557
0.6416618360655738
0.6737278360655736
0.6701060983606558
0.6701060983606558
0.680167032786885
0.6609425573770495
0.6356970983606557
0.6471417622950818
0.6317117540983603
0.6290242049180326
0.6259476875000001
0.6574937540983605
0.6574937540983605
0.6471417622950818
0.6317117540983603
0.6290242049180326
0.6259476875000001
0.6574937540983605
0.6574937540983605
0.6301598588957057
0.6420419018404908
0.6324844662576686
0.6346756686046512
0.6390094259259258
0.6390094259259258
0.6621380772357723
0.6868911983805668
0.6541090853658538
0.678550425101214
0.678550425101214
D_0:
3e-06
0.0
0.0
0.0
7e-06
0.066344
0.0
0.0
0.0
0.0
0.22236299999999998
1e-06
0.1439395
0.0
2e-06
2e-06
0.0
0.0
0.37301979999999996
9.98e-05
9.98e-05
0.022154200000000002
0.0121584
1.1999999999999999e-05
0.0008889999999999999
2e-06
2e-06
5.666666666666667e-06
0.38334566666666664
0.002336666666666667
2.6666666666666664e-06
2e-06
2e-06
3.6666666666666666e-06
3e-06
1e-06
5e-07
7.75e-06
1.05e-05
6e-06
5.75e-06
5.75e-06
2.75e-06
2.75e-06
2.333333333333333e-06
0.0
0.0
2.333333333333333e-06
2e-06
2e-06
0.0
0.0
2.5e-07
0.46223099999999995
0.46223099999999995
0.4085726
9.999999999999999e-06
0.37882859999999996
0.37301979999999996
9.98e-05
9.98e-05
0.022154200000000002
0.0121584
1.1999999999999999e-05
0.0008889999999999999
2e-06
2e-06
5.666666666666667e-06
0.38334566666666664
0.002336666666666667
2.6666666666666664e-06
2e-06
2e-06
3.6666666666666666e-06
3e-06
1e-06
2.5e-07
0.46223099999999995
0.46223099999999995
0.4085726
9.999999999999999e-06
0.37882859999999996
0.37301979999999996
9.98e-05
9.98e-05
0.022154200000000002
0.0121584
1.1999999999999999e-05
0.0008889999999999999
2e-06
2e-06
5.666666666666667e-06
0.38334566666666664
0.002336666666666667
2.6666666666666664e-06
2e-06
2e-06
3.6666666666666666e-06
3e-06
1e-06
5e-07
7.75e-06
1.05e-05
6e-06
5.75e-06
5.75e-06
2.75e-06
2.75e-06
2.333333333333333e-06
0.0
0.0
2.333333333333333e-06
2e-06
2e-06
0.0
0.0
5e-07
7.75e-06
1.05e-05
6e-06
5.75e-06
5.75e-06
2.75e-06
2.75e-06
2.333333333333333e-06
0.0
0.0
2.333333333333333e-06
2e-06
2e-06
0.0
0.0
2.5e-07
0.46223099999999995
0.46223099999999995
0.4085726
9.999999999999999e-06
0.37882859999999996
0.37301979999999996
9.98e-05
9.98e-05
0.022154200000000002
0.0121584
1.1999999999999999e-05
0.0008889999999999999
2e-06
2e-06
5.666666666666667e-06
0.38334566666666664
0.002336666666666667
2.6666666666666664e-06
2e-06
2e-06
3.6666666666666666e-06
3e-06
1e-06
3.2500000000000004e-05
4.1e-05
0.0002056666666666667
0.59083
4.666666666666667e-06
3e-06
0.45276449999999996
0.5028405
3.2500000000000002e-06
8e-06
5e-06
7.200000000000001e-06
2.333333333333333e-06
6.333333333333333e-06
0.19737999999999997
5.333333333333333e-06
2.5e-07
0.46223099999999995
0.46223099999999995
0.4085726
9.999999999999999e-06
0.37882859999999996
0.37301979999999996
9.98e-05
9.98e-05
0.022154200000000002
0.0121584
1.1999999999999999e-05
0.0008889999999999999
2e-06
2e-06
5.666666666666667e-06
0.38334566666666664
0.002336666666666667
2.6666666666666664e-06
2e-06
2e-06
3.6666666666666666e-06
3e-06
1e-06
2.5e-07
0.46223099999999995
0.46223099999999995
0.4085726
9.999999999999999e-06
0.37882859999999996
0.37301979999999996
9.98e-05
9.98e-05
0.022154200000000002
0.0121584
1.1999999999999999e-05
0.0008889999999999999
2e-06
2e-06
5.666666666666667e-06
0.38334566666666664
0.002336666666666667
2.6666666666666664e-06
2e-06
2e-06
3.6666666666666666e-06
3e-06
1e-06
3.2500000000000004e-05
4.1e-05
0.0002056666666666667
0.59083
4.666666666666667e-06
3e-06
0.45276449999999996
0.5028405
3.2500000000000002e-06
8e-06
5e-06
7.200000000000001e-06
2.333333333333333e-06
6.333333333333333e-06
0.19737999999999997
5.333333333333333e-06
3.2500000000000004e-05
4.1e-05
0.0002056666666666667
0.59083
4.666666666666667e-06
3e-06
0.45276449999999996
0.5028405
3.2500000000000002e-06
8e-06
5e-06
7.200000000000001e-06
2.333333333333333e-06
6.333333333333333e-06
0.19737999999999997
5.333333333333333e-06
5e-07
7.75e-06
1.05e-05
6e-06
5.75e-06
5.75e-06
2.75e-06
2.75e-06
2.333333333333333e-06
0.0
0.0
2.333333333333333e-06
2e-06
2e-06
0.0
0.0
3.2500000000000004e-05
4.1e-05
0.0002056666666666667
0.59083
4.666666666666667e-06
3e-06
0.45276449999999996
0.5028405
3.2500000000000002e-06
8e-06
5e-06
7.200000000000001e-06
2.333333333333333e-06
6.333333333333333e-06
0.19737999999999997
5.333333333333333e-06
5e-07
7.75e-06
1.05e-05
6e-06
5.75e-06
5.75e-06
2.75e-06
2.75e-06
2.333333333333333e-06
0.0
0.0
2.333333333333333e-06
2e-06
2e-06
0.0
0.0
5e-07
7.75e-06
1.05e-05
6e-06
5.75e-06
5.75e-06
2.75e-06
2.75e-06
2.333333333333333e-06
0.0
0.0
2.333333333333333e-06
2e-06
2e-06
0.0
0.0
5e-07
7.75e-06
1.05e-05
6e-06
5.75e-06
5.75e-06
2.75e-06
2.75e-06
2.333333333333333e-06
0.0
0.0
2.333333333333333e-06
2e-06
2e-06
0.0
0.0
5e-07
7.75e-06
1.05e-05
6e-06
5.75e-06
5.75e-06
2.75e-06
2.75e-06
2.333333333333333e-06
0.0
0.0
2.333333333333333e-06
2e-06
2e-06
0.0
0.0
2.5e-07
0.46223099999999995
0.46223099999999995
0.4085726
9.999999999999999e-06
0.37882859999999996
3.2500000000000004e-05
4.1e-05
0.0002056666666666667
0.59083
0.37301979999999996
9.98e-05
9.98e-05
0.022154200000000002
0.0121584
1.1999999999999999e-05
0.37301979999999996
9.98e-05
9.98e-05
0.022154200000000002
0.0121584
1.1999999999999999e-05
2.5e-07
0.46223099999999995
0.46223099999999995
0.4085726
9.999999999999999e-06
0.37882859999999996
3.2500000000000004e-05
4.1e-05
0.0002056666666666667
0.59083
0.37301979999999996
9.98e-05
9.98e-05
0.022154200000000002
0.0121584
1.1999999999999999e-05
0.0008889999999999999
2e-06
2e-06
5.666666666666667e-06
0.38334566666666664
0.002336666666666667
0.0008889999999999999
2e-06
2e-06
5.666666666666667e-06
0.38334566666666664
0.002336666666666667
2.6666666666666664e-06
2e-06
2e-06
3.6666666666666666e-06
3e-06
1e-06
2.6666666666666664e-06
2e-06
2e-06
3.6666666666666666e-06
3e-06
1e-06
0.0008889999999999999
2e-06
2e-06
5.666666666666667e-06
0.38334566666666664
0.002336666666666667
0.0008889999999999999
2e-06
2e-06
5.666666666666667e-06
0.38334566666666664
0.002336666666666667
0.0008889999999999999
2e-06
2e-06
5.666666666666667e-06
0.38334566666666664
0.002336666666666667
0.0008889999999999999
2e-06
2e-06
5.666666666666667e-06
0.38334566666666664
0.002336666666666667
2.6666666666666664e-06
2e-06
2e-06
3.6666666666666666e-06
3e-06
1e-06
5e-07
7.75e-06
1.05e-05
6e-06
5.75e-06
5.75e-06
2.75e-06
2.75e-06
2.6666666666666664e-06
2e-06
2e-06
3.6666666666666666e-06
3e-06
1e-06
5e-07
7.75e-06
1.05e-05
6e-06
5.75e-06
5.75e-06
2.75e-06
2.75e-06
2.333333333333333e-06
0.0
0.0
2.333333333333333e-06
2e-06
2e-06
0.0
0.0
2.333333333333333e-06
0.0
0.0
2.333333333333333e-06
2e-06
2e-06
0.0
0.0
2.333333333333333e-06
0.0
0.0
2.333333333333333e-06
2e-06
2e-06
0.0
0.0
2.333333333333333e-06
0.0
0.0
2.333333333333333e-06
2e-06
2e-06
0.0
0.0
2.333333333333333e-06
0.0
0.0
2.333333333333333e-06
2e-06
2e-06
0.0
0.0
2.6666666666666664e-06
2e-06
2e-06
3.6666666666666666e-06
3e-06
1e-06
5e-07
7.75e-06
1.05e-05
6e-06
5.75e-06
5.75e-06
2.75e-06
2.75e-06
2.333333333333333e-06
0.0
0.0
2.333333333333333e-06
2e-06
2e-06
0.0
0.0
2.333333333333333e-06
0.0
0.0
2.333333333333333e-06
2e-06
2e-06
0.0
0.0
2.333333333333333e-06
0.0
0.0
2.333333333333333e-06
2e-06
2e-06
0.0
0.0
2.333333333333333e-06
0.0
0.0
2.333333333333333e-06
2e-06
2e-06
0.0
0.0
2.333333333333333e-06
0.0
0.0
2.333333333333333e-06
2e-06
2e-06
0.0
0.0
2.333333333333333e-06
0.0
0.0
2.333333333333333e-06
2e-06
2e-06
0.0
0.0
4.666666666666667e-06
3e-06
0.45276449999999996
0.5028405
4.666666666666667e-06
3e-06
0.45276449999999996
0.5028405
4.666666666666667e-06
3e-06
0.45276449999999996
0.5028405
3.2500000000000002e-06
8e-06
5e-06
7.200000000000001e-06
3.2500000000000002e-06
8e-06
5e-06
7.200000000000001e-06
3.2500000000000002e-06
8e-06
5e-06
7.200000000000001e-06
3.2500000000000002e-06
8e-06
5e-06
7.200000000000001e-06
3.2500000000000002e-06
8e-06
5e-06
7.200000000000001e-06
3.2500000000000002e-06
8e-06
5e-06
7.200000000000001e-06
3.2500000000000002e-06
8e-06
5e-06
7.200000000000001e-06
2.333333333333333e-06
6.333333333333333e-06
0.19737999999999997
5.333333333333333e-06
2.333333333333333e-06
6.333333333333333e-06
0.19737999999999997
5.333333333333333e-06
2.333333333333333e-06
6.333333333333333e-06
0.19737999999999997
5.333333333333333e-06
2.333333333333333e-06
6.333333333333333e-06
0.19737999999999997
5.333333333333333e-06
2.333333333333333e-06
6.333333333333333e-06
0.19737999999999997
5.333333333333333e-06
2.333333333333333e-06
6.333333333333333e-06
0.19737999999999997
5.333333333333333e-06
3.2500000000000002e-06
8e-06
5e-06
7.200000000000001e-06
3.2500000000000002e-06
8e-06
5e-06
7.200000000000001e-06
3.2500000000000002e-06
8e-06
5e-06
7.200000000000001e-06
4.666666666666667e-06
3e-06
0.45276449999999996
0.5028405
4.666666666666667e-06
3e-06
0.45276449999999996
0.5028405
3.2500000000000002e-06
8e-06
5e-06
7.200000000000001e-06
3.2500000000000002e-06
8e-06
5e-06
7.200000000000001e-06
2.333333333333333e-06
6.333333333333333e-06
0.19737999999999997
5.333333333333333e-06
2.6666666666666664e-06
2e-06
2e-06
3.6666666666666666e-06
3e-06
1e-06
5e-07
7.75e-06
1.05e-05
6e-06
5.75e-06
5.75e-06
2.75e-06
2.75e-06
2.333333333333333e-06
0.0
0.0
2.333333333333333e-06
2e-06
2e-06
0.0
0.0
2.333333333333333e-06
0.0
0.0
2.333333333333333e-06
2e-06
2e-06
0.0
0.0
2.333333333333333e-06
0.0
0.0
2.333333333333333e-06
2e-06
2e-06
0.0
0.0
2.333333333333333e-06
0.0
0.0
2.333333333333333e-06
2e-06
2e-06
0.0
0.0
2.333333333333333e-06
0.0
0.0
2.333333333333333e-06
2e-06
2e-06
0.0
0.0
2.333333333333333e-06
0.0
0.0
2.333333333333333e-06
2e-06
2e-06
0.0
0.0
2.333333333333333e-06
0.0
0.0
2.333333333333333e-06
2e-06
2e-06
0.0
0.0
2.333333333333333e-06
0.0
0.0
2.333333333333333e-06
2e-06
2e-06
0.0
0.0
2.333333333333333e-06
0.0
0.0
2.333333333333333e-06
2e-06
2e-06
0.0
0.0
D_1:
0.9878830612244897
0.9524594237288135
0.9524594237288135
0.972456203389831
0.9721192500000002
0.9327767966101694
D_2:
1.1791021578947367
1.1492043421052631
1.163417054054054
1.5787002727272728
1.8498162
1.749770727272727
1.2099067837837838
1.6894155000000002
1.1291708684210526
1.1291708684210526
0.8659910526315789
0.8659910526315789
1.117255631578947
1.129773184210526
1.1203834285714283
1.0466001948051948
1.1005092499999998
1.1005092499999998
1.1607020277777782
1.1607020277777782
1.008552265957447
0.9934827523809519
0.9934827523809519
1.0139116442307687
1.0111922884615383
1.0113499423076926
1.008552265957447
0.9934827523809519
0.9934827523809519
1.0139116442307687
1.0111922884615383
1.0113499423076926
0.8951920666666666
0.9043627666666667
0.8808330999999999
0.8155935333333332
0.8951920666666666
0.9043627666666667
0.8808330999999999
0.8155935333333332
1.198471888888889
1.2706397777777776
1.0297192222222222
1.0132334444444444
1.198471888888889
1.2706397777777776
1.0297192222222222
1.0132334444444444
1.198471888888889
1.2706397777777776
1.0297192222222222
1.0132334444444444
D_3:
5e-07
6e-06
0.4649475
4.666666666666667e-06
2.3e-05
0.45938
0.00317175
0.45126375
4e-06
4e-06
0.051715
0.051715
5e-07
6e-06
0.4649475
4.666666666666667e-06
2.3e-05
0.45938
0.00317175
0.45126375
4e-06
4e-06
0.051715
0.051715
0.36644679999999996
0.37506019999999995
9.6e-06
4.8e-06
0.3684692
0.3684692
0.37163899999999994
0.37163899999999994
0.45653075
1.6666666666666669e-06
1.6666666666666669e-06
0.46549524999999997
3.5249999999999996e-05
4.5e-06
0.45653075
1.6666666666666669e-06
1.6666666666666669e-06
0.46549524999999997
3.5249999999999996e-05
4.5e-06
0.45653075
1.6666666666666669e-06
1.6666666666666669e-06
0.46549524999999997
3.5249999999999996e-05
4.5e-06
0.45653075
1.6666666666666669e-06
1.6666666666666669e-06
0.46549524999999997
3.5249999999999996e-05
4.5e-06
9.75e-06
1.6666666666666669e-06
1.6666666666666669e-06
1.275e-05
6.5000000000000004e-06
5e-07
9.75e-06
1.6666666666666669e-06
1.6666666666666669e-06
1.275e-05
6.5000000000000004e-06
5e-07
9.75e-06
1.6666666666666669e-06
1.6666666666666669e-06
1.275e-05
6.5000000000000004e-06
5e-07
0.36644679999999996
0.37506019999999995
9.6e-06
4.8e-06
0.3684692
0.3684692
0.37163899999999994
0.37163899999999994
0.46035824999999997
0.012408666666666667
6.333333333333333e-06
1.4333333333333329e-05
0.51264025
0.51264025
0.0005756666666666667
0.0005756666666666667
0.36644679999999996
0.37506019999999995
9.6e-06
4.8e-06
0.3684692
0.3684692
0.37163899999999994
0.37163899999999994
0.46035824999999997
0.012408666666666667
6.333333333333333e-06
1.4333333333333329e-05
0.51264025
0.51264025
0.0005756666666666667
0.0005756666666666667
0.46035824999999997
0.012408666666666667
6.333333333333333e-06
1.4333333333333329e-05
0.51264025
0.51264025
0.0005756666666666667
0.0005756666666666667
0.45653075
1.6666666666666669e-06
1.6666666666666669e-06
0.46549524999999997
3.5249999999999996e-05
4.5e-06
0.45653075
1.6666666666666669e-06
1.6666666666666669e-06
0.46549524999999997
3.5249999999999996e-05
4.5e-06
0.45653075
1.6666666666666669e-06
1.6666666666666669e-06
0.46549524999999997
3.5249999999999996e-05
4.5e-06
0.45653075
1.6666666666666669e-06
1.6666666666666669e-06
0.46549524999999997
3.5249999999999996e-05
4.5e-06
0.45653075
1.6666666666666669e-06
1.6666666666666669e-06
0.46549524999999997
3.5249999999999996e-05
4.5e-06
0.45653075
1.6666666666666669e-06
1.6666666666666669e-06
0.46549524999999997
3.5249999999999996e-05
4.5e-06
9.75e-06
1.6666666666666669e-06
1.6666666666666669e-06
1.275e-05
6.5000000000000004e-06
5e-07
9.75e-06
1.6666666666666669e-06
1.6666666666666669e-06
1.275e-05
6.5000000000000004e-06
5e-07
0.00177975
0.008998250000000001
0.019693000000000002
0.0003605
1.225e-05
1.225e-05
2.25e-06
2.25e-06
0.00177975
0.008998250000000001
0.019693000000000002
0.0003605
1.225e-05
1.225e-05
2.25e-06
2.25e-06
0.00177975
0.008998250000000001
0.019693000000000002
0.0003605
1.225e-05
1.225e-05
2.25e-06
2.25e-06
0.00177975
0.008998250000000001
0.019693000000000002
0.0003605
1.225e-05
1.225e-05
2.25e-06
2.25e-06
0.2950505
0.029415999999999998
2e-06
5e-06
0.2950505
0.029415999999999998
2e-06
5e-06
0.2950505
0.029415999999999998
2e-06
5e-06
D_4:
0.8291422073170734
0.8154442682926832
0.7939327530864198
0.7726672222222222
1.0526535
0.6933545789473685
0.6933545789473685
0.7508902222222222
0.830445888888889
0.7571613888888886
1.0526535
0.6933545789473685
0.6933545789473685
0.7508902222222222
0.830445888888889
0.7571613888888886
0.8291422073170734
0.8154442682926832
0.7939327530864198
0.7726672222222222
0.8291422073170734
0.8154442682926832
0.7939327530864198
0.7726672222222222
1.0526535
0.6933545789473685
0.6933545789473685
0.7508902222222222
0.830445888888889
0.7571613888888886
0.7167461176470589
0.831395875
0.7549799411764706
0.7354889411764707
0.8291710588235294
0.8291710588235294
0.7752197058823528
0.7752197058823528
0.7167461176470589
0.831395875
0.7549799411764706
0.7354889411764707
0.8291710588235294
0.8291710588235294
0.7752197058823528
0.7752197058823528
D_5:
0.6609425573770495
0.6737278360655736
0.6356970983606557
0.680167032786885
0.6416618360655738
0.6416618360655738
0.6701060983606558
0.6701060983606558
0.6609425573770495
0.6737278360655736
0.6356970983606557
0.680167032786885
0.6416618360655738
0.6416618360655738
0.6701060983606558
0.6701060983606558
0.6609425573770495
0.6737278360655736
0.6356970983606557
0.680167032786885
0.6416618360655738
0.6416618360655738
0.6701060983606558
0.6701060983606558
0.6259476875000001
0.6317117540983603
0.6317117540983603
0.6574937540983605
0.6290242049180326
0.6471417622950818
0.6259476875000001
0.6317117540983603
0.6317117540983603
0.6574937540983605
0.6290242049180326
0.6471417622950818
D_6:
0.6346756686046512
0.6420419018404908
0.6420419018404908
0.6390094259259258
0.6324844662576686
0.6301598588957057
D_7:
0.7279300941176472
0.7696953023255813
0.7134915617977527
0.7178534588235295
0.7340846941176472
0.7340846941176472
0.7661343604651162
0.7661343604651162
D_8:
0.6868911983805668
0.678550425101214
0.6621380772357723
0.6541090853658538
D_0:
0.22236299999999998
0.0
2e-06
0.0
7e-06
1e-06
3e-06
3e-06
0.0
0.0
0.0
0.0
0.0
0.1439395
0.0
0.0
0.066344
0.066344
2.3e-05
4.666666666666667e-06
4e-06
5e-07
6e-06
0.45938
0.45126375
0.00317175
0.051715
0.051715
0.4649475
0.4649475
0.029415999999999998
0.2950505
2e-06
5e-06
2.3e-05
4.666666666666667e-06
4e-06
5e-07
6e-06
0.45938
0.45126375
0.00317175
0.051715
0.051715
0.4649475
0.4649475
0.029415999999999998
0.2950505
2e-06
5e-06
2.3e-05
4.666666666666667e-06
4e-06
5e-07
6e-06
0.45938
0.45126375
0.00317175
0.051715
0.051715
0.4649475
0.4649475
0.3684692
0.36644679999999996
0.37506019999999995
4.8e-06
0.37163899999999994
0.37163899999999994
9.6e-06
9.6e-06
0.51264025
0.46035824999999997
0.012408666666666667
1.4333333333333329e-05
0.0005756666666666667
0.0005756666666666667
6.333333333333333e-06
6.333333333333333e-06
1.225e-05
0.00177975
0.008998250000000001
0.0003605
2.25e-06
2.25e-06
0.019693000000000002
0.019693000000000002
2.3e-05
4.666666666666667e-06
4e-06
5e-07
6e-06
0.45938
0.45126375
0.00317175
0.051715
0.051715
0.4649475
0.4649475
0.3684692
0.36644679999999996
0.37506019999999995
4.8e-06
0.37163899999999994
0.37163899999999994
9.6e-06
9.6e-06
0.51264025
0.46035824999999997
0.012408666666666667
1.4333333333333329e-05
0.0005756666666666667
0.0005756666666666667
6.333333333333333e-06
6.333333333333333e-06
1.225e-05
0.00177975
0.008998250000000001
0.0003605
2.25e-06
2.25e-06
0.019693000000000002
0.019693000000000002
2.3e-05
4.666666666666667e-06
4e-06
5e-07
6e-06
0.45938
0.45126375
0.00317175
0.051715
0.051715
0.4649475
0.4649475
0.3684692
0.36644679999999996
0.37506019999999995
4.8e-06
0.37163899999999994
0.37163899999999994
9.6e-06
9.6e-06
0.51264025
0.46035824999999997
0.012408666666666667
1.4333333333333329e-05
0.0005756666666666667
0.0005756666666666667
6.333333333333333e-06
6.333333333333333e-06
1.225e-05
0.00177975
0.008998250000000001
0.0003605
2.25e-06
2.25e-06
0.019693000000000002
0.019693000000000002
2.3e-05
4.666666666666667e-06
4e-06
5e-07
6e-06
0.45938
0.45126375
0.00317175
0.051715
0.051715
0.4649475
0.4649475
0.029415999999999998
0.2950505
2e-06
5e-06
9.75e-06
9.75e-06
5e-07
1.6666666666666669e-06
6.5000000000000004e-06
1.275e-05
9.75e-06
9.75e-06
5e-07
1.6666666666666669e-06
6.5000000000000004e-06
1.275e-05
9.75e-06
9.75e-06
5e-07
1.6666666666666669e-06
6.5000000000000004e-06
1.275e-05
9.75e-06
9.75e-06
5e-07
1.6666666666666669e-06
6.5000000000000004e-06
1.275e-05
9.75e-06
9.75e-06
5e-07
1.6666666666666669e-06
6.5000000000000004e-06
1.275e-05
9.75e-06
9.75e-06
5e-07
1.6666666666666669e-06
6.5000000000000004e-06
1.275e-05
2.3e-05
4.666666666666667e-06
4e-06
5e-07
6e-06
0.45938
0.45126375
0.00317175
0.051715
0.051715
0.4649475
0.4649475
0.029415999999999998
0.2950505
2e-06
5e-06
2.3e-05
4.666666666666667e-06
4e-06
5e-07
6e-06
0.45938
0.45126375
0.00317175
0.051715
0.051715
0.4649475
0.4649475
0.3684692
0.36644679999999996
0.37506019999999995
4.8e-06
0.37163899999999994
0.37163899999999994
9.6e-06
9.6e-06
0.51264025
0.46035824999999997
0.012408666666666667
1.4333333333333329e-05
0.0005756666666666667
0.0005756666666666667
6.333333333333333e-06
6.333333333333333e-06
1.225e-05
0.00177975
0.008998250000000001
0.0003605
2.25e-06
2.25e-06
0.019693000000000002
0.019693000000000002
2.3e-05
4.666666666666667e-06
4e-06
5e-07
6e-06
0.45938
0.45126375
0.00317175
0.051715
0.051715
0.4649475
0.4649475
0.3684692
0.36644679999999996
0.37506019999999995
4.8e-06
0.37163899999999994
0.37163899999999994
9.6e-06
9.6e-06
0.51264025
0.46035824999999997
0.012408666666666667
1.4333333333333329e-05
0.0005756666666666667
0.0005756666666666667
6.333333333333333e-06
6.333333333333333e-06
1.225e-05
0.00177975
0.008998250000000001
0.0003605
2.25e-06
2.25e-06
0.019693000000000002
0.019693000000000002
2.3e-05
4.666666666666667e-06
4e-06
5e-07
6e-06
0.45938
0.45126375
0.00317175
0.051715
0.051715
0.4649475
0.4649475
0.3684692
0.36644679999999996
0.37506019999999995
4.8e-06
0.37163899999999994
0.37163899999999994
9.6e-06
9.6e-06
0.51264025
0.46035824999999997
0.012408666666666667
1.4333333333333329e-05
0.0005756666666666667
0.0005756666666666667
6.333333333333333e-06
6.333333333333333e-06
1.225e-05
0.00177975
0.008998250000000001
0.0003605
2.25e-06
2.25e-06
0.019693000000000002
0.019693000000000002
2.3e-05
4.666666666666667e-06
4e-06
5e-07
6e-06
0.45938
0.45126375
0.00317175
0.051715
0.051715
0.4649475
0.4649475
0.3684692
0.36644679999999996
0.37506019999999995
4.8e-06
0.37163899999999994
0.37163899999999994
9.6e-06
9.6e-06
0.51264025
0.46035824999999997
0.012408666666666667
1.4333333333333329e-05
0.0005756666666666667
0.0005756666666666667
6.333333333333333e-06
6.333333333333333e-06
1.225e-05
0.00177975
0.008998250000000001
0.0003605
2.25e-06
2.25e-06
0.019693000000000002
0.019693000000000002
2.3e-05
4.666666666666667e-06
4e-06
5e-07
6e-06
0.45938
0.45126375
0.00317175
0.051715
0.051715
0.4649475
0.4649475
0.3684692
0.36644679999999996
0.37506019999999995
4.8e-06
0.37163899999999994
0.37163899999999994
9.6e-06
9.6e-06
0.51264025
0.46035824999999997
0.012408666666666667
1.4333333333333329e-05
0.0005756666666666667
0.0005756666666666667
6.333333333333333e-06
6.333333333333333e-06
1.225e-05
0.00177975
0.008998250000000001
0.0003605
2.25e-06
2.25e-06
0.019693000000000002
0.019693000000000002
2.3e-05
4.666666666666667e-06
4e-06
5e-07
6e-06
0.45938
0.45126375
0.00317175
0.051715
0.051715
0.4649475
0.4649475
0.029415999999999998
0.2950505
2e-06
5e-06
0.029415999999999998
0.2950505
2e-06
5e-06
0.029415999999999998
0.2950505
2e-06
5e-06
2.3e-05
4.666666666666667e-06
4e-06
5e-07
6e-06
0.45938
0.45126375
0.00317175
0.051715
0.051715
0.4649475
0.4649475
0.029415999999999998
0.2950505
2e-06
5e-06
0.3684692
0.36644679999999996
0.37506019999999995
4.8e-06
0.37163899999999994
0.37163899999999994
9.6e-06
9.6e-06
0.3684692
0.36644679999999996
0.37506019999999995
4.8e-06
0.37163899999999994
0.37163899999999994
9.6e-06
9.6e-06
0.51264025
0.46035824999999997
0.012408666666666667
1.4333333333333329e-05
0.0005756666666666667
0.0005756666666666667
6.333333333333333e-06
6.333333333333333e-06
0.51264025
0.46035824999999997
0.012408666666666667
1.4333333333333329e-05
0.0005756666666666667
0.0005756666666666667
6.333333333333333e-06
6.333333333333333e-06
0.3684692
0.36644679999999996
0.37506019999999995
4.8e-06
0.37163899999999994
0.37163899999999994
9.6e-06
9.6e-06
0.51264025
0.46035824999999997
0.012408666666666667
1.4333333333333329e-05
0.0005756666666666667
0.0005756666666666667
6.333333333333333e-06
6.333333333333333e-06
0.51264025
0.46035824999999997
0.012408666666666667
1.4333333333333329e-05
0.0005756666666666667
0.0005756666666666667
6.333333333333333e-06
6.333333333333333e-06
1.225e-05
0.00177975
0.008998250000000001
0.0003605
2.25e-06
2.25e-06
0.019693000000000002
0.019693000000000002
1.225e-05
0.00177975
0.008998250000000001
0.0003605
2.25e-06
2.25e-06
0.019693000000000002
0.019693000000000002
1.225e-05
0.00177975
0.008998250000000001
0.0003605
2.25e-06
2.25e-06
0.019693000000000002
0.019693000000000002
1.225e-05
0.00177975
0.008998250000000001
0.0003605
2.25e-06
2.25e-06
0.019693000000000002
0.019693000000000002
9.75e-06
9.75e-06
5e-07
1.6666666666666669e-06
6.5000000000000004e-06
1.275e-05
9.75e-06
9.75e-06
5e-07
1.6666666666666669e-06
6.5000000000000004e-06
1.275e-05
9.75e-06
9.75e-06
5e-07
1.6666666666666669e-06
6.5000000000000004e-06
1.275e-05
9.75e-06
9.75e-06
5e-07
1.6666666666666669e-06
6.5000000000000004e-06
1.275e-05
9.75e-06
9.75e-06
5e-07
1.6666666666666669e-06
6.5000000000000004e-06
1.275e-05
9.75e-06
9.75e-06
5e-07
1.6666666666666669e-06
6.5000000000000004e-06
1.275e-05
D_1:
0.9878830612244897
0.9878830612244897
0.9327767966101694
0.9524594237288135
0.9721192500000002
0.972456203389831
D_2:
1.8498162
1.5787002727272728
1.1291708684210526
1.1791021578947367
1.1492043421052631
1.749770727272727
1.6894155000000002
1.2099067837837838
0.8659910526315789
0.8659910526315789
1.163417054054054
1.163417054054054
1.008552265957447
1.008552265957447
1.0113499423076926
0.9934827523809519
1.0111922884615383
1.0139116442307687
0.9043627666666667
0.8951920666666666
0.8808330999999999
0.8155935333333332
0.9043627666666667
0.8951920666666666
0.8808330999999999
0.8155935333333332
1.2706397777777776
1.198471888888889
1.0297192222222222
1.0132334444444444
1.2706397777777776
1.198471888888889
1.0297192222222222
1.0132334444444444
0.9043627666666667
0.8951920666666666
0.8808330999999999
0.8155935333333332
1.2706397777777776
1.198471888888889
1.0297192222222222
1.0132334444444444
1.1005092499999998
1.117255631578947
1.129773184210526
1.0466001948051948
1.1607020277777782
1.1607020277777782
1.1203834285714283
1.1203834285714283
1.2706397777777776
1.198471888888889
1.0297192222222222
1.0132334444444444
D_3:
2.5e-07
2.5e-07
0.37882859999999996
0.46223099999999995
9.999999999999999e-06
0.4085726
4.1e-05
3.2500000000000004e-05
0.0002056666666666667
0.59083
3e-06
4.666666666666667e-06
0.45276449999999996
0.5028405
4.1e-05
3.2500000000000004e-05
0.0002056666666666667
0.59083
3e-06
4.666666666666667e-06
0.45276449999999996
0.5028405
2.5e-07
2.5e-07
0.37882859999999996
0.46223099999999995
9.999999999999999e-06
0.4085726
4.1e-05
3.2500000000000004e-05
0.0002056666666666667
0.59083
3e-06
4.666666666666667e-06
0.45276449999999996
0.5028405
0.37301979999999996
0.37301979999999996
1.1999999999999999e-05
9.98e-05
0.0121584
0.022154200000000002
8e-06
3.2500000000000002e-06
5e-06
7.200000000000001e-06
8e-06
3.2500000000000002e-06
5e-06
7.200000000000001e-06
6.333333333333333e-06
2.333333333333333e-06
0.19737999999999997
5.333333333333333e-06
6.333333333333333e-06
2.333333333333333e-06
0.19737999999999997
5.333333333333333e-06
6.333333333333333e-06
2.333333333333333e-06
0.19737999999999997
5.333333333333333e-06
8e-06
3.2500000000000002e-06
5e-06
7.200000000000001e-06
8e-06
3.2500000000000002e-06
5e-06
7.200000000000001e-06
8e-06
3.2500000000000002e-06
5e-06
7.200000000000001e-06
6.333333333333333e-06
2.333333333333333e-06
0.19737999999999997
5.333333333333333e-06
6.333333333333333e-06
2.333333333333333e-06
0.19737999999999997
5.333333333333333e-06
6.333333333333333e-06
2.333333333333333e-06
0.19737999999999997
5.333333333333333e-06
8e-06
3.2500000000000002e-06
5e-06
7.200000000000001e-06
5.75e-06
5e-07
7.75e-06
6e-06
2.75e-06
2.75e-06
1.05e-05
1.05e-05
5.75e-06
5e-07
7.75e-06
6e-06
2.75e-06
2.75e-06
1.05e-05
1.05e-05
8e-06
3.2500000000000002e-06
5e-06
7.200000000000001e-06
8e-06
3.2500000000000002e-06
5e-06
7.200000000000001e-06
6.333333333333333e-06
2.333333333333333e-06
0.19737999999999997
5.333333333333333e-06
6.333333333333333e-06
2.333333333333333e-06
0.19737999999999997
5.333333333333333e-06
6.333333333333333e-06
2.333333333333333e-06
0.19737999999999997
5.333333333333333e-06
8e-06
3.2500000000000002e-06
5e-06
7.200000000000001e-06
2e-06
2.333333333333333e-06
0.0
2.333333333333333e-06
0.0
0.0
0.0
0.0
8e-06
3.2500000000000002e-06
5e-06
7.200000000000001e-06
0.37301979999999996
0.37301979999999996
1.1999999999999999e-05
9.98e-05
0.0121584
0.022154200000000002
0.0008889999999999999
0.0008889999999999999
0.002336666666666667
2e-06
0.38334566666666664
5.666666666666667e-06
0.0008889999999999999
0.0008889999999999999
0.002336666666666667
2e-06
0.38334566666666664
5.666666666666667e-06
0.0008889999999999999
0.0008889999999999999
0.002336666666666667
2e-06
0.38334566666666664
5.666666666666667e-06
0.0008889999999999999
0.0008889999999999999
0.002336666666666667
2e-06
0.38334566666666664
5.666666666666667e-06
0.45653075
0.45653075
4.5e-06
1.6666666666666669e-06
3.5249999999999996e-05
0.46549524999999997
0.45653075
0.45653075
4.5e-06
1.6666666666666669e-06
3.5249999999999996e-05
0.46549524999999997
0.45653075
0.45653075
4.5e-06
1.6666666666666669e-06
3.5249999999999996e-05
0.46549524999999997
0.45653075
0.45653075
4.5e-06
1.6666666666666669e-06
3.5249999999999996e-05
0.46549524999999997
0.37301979999999996
0.37301979999999996
1.1999999999999999e-05
9.98e-05
0.0121584
0.022154200000000002
0.0008889999999999999
0.0008889999999999999
0.002336666666666667
2e-06
0.38334566666666664
5.666666666666667e-06
0.0008889999999999999
0.0008889999999999999
0.002336666666666667
2e-06
0.38334566666666664
5.666666666666667e-06
0.45653075
0.45653075
4.5e-06
1.6666666666666669e-06
3.5249999999999996e-05
0.46549524999999997
0.45653075
0.45653075
4.5e-06
1.6666666666666669e-06
3.5249999999999996e-05
0.46549524999999997
2.6666666666666664e-06
2.6666666666666664e-06
1e-06
2e-06
3e-06
3.6666666666666666e-06
8e-06
3.2500000000000002e-06
5e-06
7.200000000000001e-06
8e-06
3.2500000000000002e-06
5e-06
7.200000000000001e-06
6.333333333333333e-06
2.333333333333333e-06
0.19737999999999997
5.333333333333333e-06
6.333333333333333e-06
2.333333333333333e-06
0.19737999999999997
5.333333333333333e-06
6.333333333333333e-06
2.333333333333333e-06
0.19737999999999997
5.333333333333333e-06
6.333333333333333e-06
2.333333333333333e-06
0.19737999999999997
5.333333333333333e-06
6.333333333333333e-06
2.333333333333333e-06
0.19737999999999997
5.333333333333333e-06
6.333333333333333e-06
2.333333333333333e-06
0.19737999999999997
5.333333333333333e-06
8e-06
3.2500000000000002e-06
5e-06
7.200000000000001e-06
2e-06
2.333333333333333e-06
0.0
2.333333333333333e-06
0.0
0.0
0.0
0.0
8e-06
3.2500000000000002e-06
5e-06
7.200000000000001e-06
8e-06
3.2500000000000002e-06
5e-06
7.200000000000001e-06
2e-06
2.333333333333333e-06
0.0
2.333333333333333e-06
0.0
0.0
0.0
0.0
8e-06
3.2500000000000002e-06
5e-06
7.200000000000001e-06
8e-06
3.2500000000000002e-06
5e-06
7.200000000000001e-06
6.333333333333333e-06
2.333333333333333e-06
0.19737999999999997
5.333333333333333e-06
6.333333333333333e-06
2.333333333333333e-06
0.19737999999999997
5.333333333333333e-06
6.333333333333333e-06
2.333333333333333e-06
0.19737999999999997
5.333333333333333e-06
6.333333333333333e-06
2.333333333333333e-06
0.19737999999999997
5.333333333333333e-06
6.333333333333333e-06
2.333333333333333e-06
0.19737999999999997
5.333333333333333e-06
6.333333333333333e-06
2.333333333333333e-06
0.19737999999999997
5.333333333333333e-06
6.333333333333333e-06
2.333333333333333e-06
0.19737999999999997
5.333333333333333e-06
6.333333333333333e-06
2.333333333333333e-06
0.19737999999999997
5.333333333333333e-06
8e-06
3.2500000000000002e-06
5e-06
7.200000000000001e-06
8e-06
3.2500000000000002e-06
5e-06
7.200000000000001e-06
8e-06
3.2500000000000002e-06
5e-06
7.200000000000001e-06
D_4:
0.8154442682926832
0.8291422073170734
0.7939327530864198
0.7726672222222222
0.8154442682926832
0.8291422073170734
0.7939327530864198
0.7726672222222222
0.8154442682926832
0.8291422073170734
0.7939327530864198
0.7726672222222222
D_5:
0.6416618360655738
0.6609425573770495
0.6737278360655736
0.680167032786885
0.6701060983606558
0.6701060983606558
0.6356970983606557
0.6356970983606557
0.6416618360655738
0.6609425573770495
0.6737278360655736
0.680167032786885
0.6701060983606558
0.6701060983606558
0.6356970983606557
0.6356970983606557
0.6416618360655738
0.6609425573770495
0.6737278360655736
0.680167032786885
0.6701060983606558
0.6701060983606558
0.6356970983606557
0.6356970983606557
0.6259476875000001
0.6259476875000001
0.6471417622950818
0.6317117540983603
0.6290242049180326
0.6574937540983605
0.6259476875000001
0.6259476875000001
0.6471417622950818
0.6317117540983603
0.6290242049180326
0.6574937540983605
0.6259476875000001
0.6259476875000001
0.6471417622950818
0.6317117540983603
0.6290242049180326
0.6574937540983605
0.6259476875000001
0.6259476875000001
0.6471417622950818
0.6317117540983603
0.6290242049180326
0.6574937540983605
D_6:
0.7340846941176472
0.7279300941176472
0.7696953023255813
0.7178534588235295
0.7661343604651162
0.7661343604651162
0.7134915617977527
0.7134915617977527
D_7:
0.8291710588235294
0.7167461176470589
0.831395875
0.7354889411764707
0.7752197058823528
0.7752197058823528
0.7549799411764706
0.7549799411764706
0.8291710588235294
0.7167461176470589
0.831395875
0.7354889411764707
0.7752197058823528
0.7752197058823528
0.7549799411764706
0.7549799411764706
D_8:
0.6346756686046512
0.6346756686046512
0.6301598588957057
0.6420419018404908
0.6324844662576686
0.6390094259259258
D_9:
1.0526535
1.0526535
0.7571613888888886
0.6933545789473685
0.830445888888889
0.7508902222222222
