D_0:
0.2720236767022689
0.2581380789869875
0.2720236767022689
0.2581380789869875
0.2720236767022689
0.2581380789869875
0.2720236767022689
0.2581380789869875
0.2720236767022689
0.2581380789869875
0.2720236767022689
0.2581380789869875
D_1:
0.003109999999998766
0.003109999999998766
0.003109999999998766
0.003109999999998766
0.003109999999998766
0.003109999999998766
D_2:
0.046043633949420966
0.046043633949420966
0.046043633949420966
0.046043633949420966
0.046043633949420966
0.046043633949420966
D_3:
0.0029500000000060047
0.0029500000000060047
0.0029500000000060047
0.0029500000000060047
0.0029500000000060047
0.0029500000000060047
D_4:
0.0335668656957769
0.0335668656957769
0.0335668656957769
0.0335668656957769
0.0335668656957769
0.0335668656957769
D_5:
0.002730000000001626
0.002730000000001626
0.002730000000001626
0.002730000000001626
0.002730000000001626
0.002730000000001626
D_6:
0.012993642246909562
0.012993642246909562
0.012993642246909562
0.012993642246909562
0.012993642246909562
0.012993642246909562
